86732 13748.94 99.4 1.4816 0.0
86733 13770.9 101.0 1.4816 0.0
86734 13892.38 96.94 1.4816 0.0
86735 13866.11 93.1 1.4816 0.0
86736 13776.77 88.22 1.4816 0.0
86737 13575.41 83.0 1.4816 0.0
86738 13670.44 94.49 1.4816 0.0
86739 13640.4 101.89 1.4816 0.0
86740 13871.29 111.0 1.4816 0.0
86743 13871.29 111.0 1.4816 0.0
86744 13897.29 118.63 1.4816 0.0
86783 14125.49 117.72 1.4816 0.0
86785 14036.99 123.32 1.4816 0.0
86787 14036.99 123.32 1.4816 0.0
86789 14053.4 120.2 1.4816 0.0
86791 14053.4 120.2 1.4816 0.0
86831 14085.99 118.98 1.4816 0.0
86879 13998.64 136.98 1.4816 0.0
86880 13998.64 136.98 1.4816 0.0
86881 13998.64 136.98 1.4816 0.0
86882 13998.64 136.98 1.4816 0.0
86889 13964.76 129.03 1.4816 0.0
86931 13964.76 129.03 1.4816 0.0
86932 13964.76 129.03 1.4816 0.0
86933 13964.76 129.03 1.4816 0.0
86973 13942.46 129.1 1.4816 0.0
87006 13914.84 122.61 1.4816 0.0
87008 13914.84 122.61 1.4816 0.0
87009 14104.29 117.27 1.4816 0.0
87010 14375.36 118.96 1.4816 0.0
87011 14586.62 131.32 1.4816 0.0
87012 14480.07 147.98 1.4816 0.0
87040 14480.07 147.98 1.4816 0.0
87064 14361.72 141.64 1.4816 0.0
87065 14361.72 141.64 1.4816 0.0
87066 14361.72 141.64 1.4816 0.0
87067 14079.53 144.47 1.4816 0.0
87069 14079.53 144.47 1.4816 0.0
87070 13991.52 144.58 1.4816 0.0
87073 13991.52 144.58 1.4816 0.0
87074 13936.9 131.23 1.4816 0.0
87075 13992.93 121.63 1.4816 0.0
87076 14024.31 131.72 1.4816 0.0
87077 14048.7 126.1 1.4816 0.0
87078 14086.07 122.07 1.4816 0.0
87079 14109.62 112.28 1.4816 0.0
87080 14179.18 109.53 1.4816 0.0
87082 14251.56 110.03 1.4816 0.0
87084 14251.56 110.03 1.4816 0.0
87086 14070.81 112.71 1.4816 0.0
87088 14070.81 112.71 1.4816 0.0
87089 13964.67 105.68 1.4816 0.0
87090 13837.69 101.37 1.4816 0.0
87094 13837.69 101.37 1.4816 0.0
87096 13823.14 100.95 1.4816 0.0
87098 13823.14 100.95 1.4816 0.0
87099 13964.63 98.18 1.4816 0.0
87100 13972.5 96.39 1.4816 0.0
87101 13984.24 110.21 1.4816 0.0
87102 13919.75 104.15 1.4816 0.0
87103 13821.61 96.99 1.4816 0.0
87105 13821.61 96.99 1.4816 0.0
87106 13839.27 88.96 1.4816 0.0
87108 13747.23 101.13 1.4816 0.0
87109 13625.74 106.94 1.4816 0.0
87111 13625.74 106.94 1.4816 0.0
87112 13606.39 110.5 1.4816 0.0
87113 13606.39 110.5 1.4816 0.0
87114 13510.47 111.27 1.4816 0.0
87115 13301.13 107.75 1.4816 0.0
87116 13296.51 110.25 1.4816 0.0
87117 13205.21 100.89 1.4816 0.0
87118 13205.21 100.89 1.4816 0.0
87120 13155.3 91.22 1.4816 0.0
87121 13244.12 91.31 1.4816 0.0
87122 13063.09 88.38 1.4816 0.0
87123 12962.12 90.79 1.4816 0.0
87124 12910.05 97.02 1.4816 0.0
87125 12895.06 84.54 1.4816 0.0
87126 12903.83 83.19 1.4816 0.0
87127 12903.83 83.19 1.4816 0.0
87128 12820.77 82.12 1.4816 0.0
87129 12820.77 82.12 1.4816 0.0
87130 12946.62 90.54 1.4816 0.0
87131 12946.62 90.54 1.4816 0.0
87132 13030.49 85.28 1.4816 0.0
87133 12792.97 80.62 1.4816 0.0
87134 12792.97 80.62 1.4816 0.0
87135 12722.8 78.55 1.4816 0.0
87136 12817.62 82.04 1.4816 0.0
87155 12817.62 82.04 1.4816 0.0
87156 12820.66 87.69 1.4816 0.0
87182 12820.66 87.69 1.4816 0.0
87200 12834.44 89.68 1.4816 0.0
87202 12743.7 89.4 1.4816 0.0
87204 12743.7 89.4 1.4816 0.0
87206 12743.7 89.4 1.4816 0.0
87208 12534.74 88.0 1.4816 0.0
87210 12534.74 88.0 1.4816 0.0
87211 12483.73 76.4 1.4816 0.0
87212 12483.73 76.4 1.4816 0.0
87213 12548.37 81.15 1.4816 0.0
87214 12548.37 81.15 1.4816 0.0
87215 12651.31 85.82 1.4816 0.0
87216 12668.44 89.16 1.4816 0.0
87218 12668.44 89.16 1.4816 0.0
87219 12668.44 89.16 1.4816 0.0
87220 12809.71 88.79 1.4816 0.0
88000 12809.71 88.79 1.4816 0.0
88011 12809.71 88.79 1.4816 0.0
88012 12857.07 91.19 1.4816 0.0
88013 12857.07 91.19 1.4816 0.0
88014 12688.06 82.73 1.4816 0.0
88015 12638.51 75.89 1.4816 0.0
88016 12638.51 75.89 1.4816 0.0
88017 12878.12 68.69 1.4816 0.0
88018 12819.92 72.57 1.4816 0.0
88019 12819.92 72.57 1.4816 0.0
88020 12820.38 76.43 1.4816 0.0
88021 12672.46 69.93 1.4816 0.0
88033 12672.46 69.93 1.4816 0.0
88034 12672.46 69.93 1.4816 0.0
88035 12726.71 65.99 1.4816 0.0
88036 12720.42 70.99 1.4816 0.0
88037 12720.42 70.99 1.4816 0.0
88038 12843.69 72.62 1.4816 0.0
88039 12892.2 70.49 1.4816 0.0
88040 12892.2 70.49 1.4816 0.0
88041 12817.35 69.25 1.4816 0.0
88042 12938.03 79.29 1.4816 0.0
88043 12938.03 79.29 1.4816 0.0
88059 12912.34 65.6 1.4816 0.0
88060 12770.9 76.61 1.4816 0.0
88062 12770.9 76.61 1.4816 0.0
88063 12660.28 73.94 1.4816 0.0
88064 12660.28 73.94 1.4816 0.0
88065 12738.49 69.09 1.4816 0.0
88066 12586.05 75.24 1.4816 0.0
88067 12586.05 75.24 1.4816 0.0
88068 12512.42 76.64 1.4816 0.0
88069 12533.5 81.1 1.4816 0.0
88070 12533.5 81.1 1.4816 0.0
88085 12428.66 80.47 1.4816 0.0
88086 12470.51 85.5 1.4816 0.0
88087 12470.51 85.5 1.4816 0.0
88089 12470.51 85.5 1.4816 0.0
88091 12287.54 83.94 1.4816 0.0
88093 12287.54 83.94 1.4816 0.0
88094 12312.96 89.39 1.4816 0.0
88095 12312.96 89.39 1.4816 0.0
88096 12194.35 86.78 1.4816 0.0
88097 12194.35 86.78 1.4816 0.0
88098 12105.41 97.88 1.4816 0.0
88099 12105.41 97.88 1.4816 0.0
88100 11965.25 98.08 1.4816 0.0
88101 11711.65 89.13 1.4816 0.0
88115 11711.65 89.13 1.4816 0.0
88116 11657.63 94.28 1.4816 0.0
88117 11657.63 94.28 1.4816 0.0
88118 11554.99 90.75 1.4816 0.0
88119 11547.69 79.99 1.4816 0.0
88120 11547.69 79.99 1.4816 0.0
88121 11398.43 75.66 1.4816 0.0
88122 11457.25 71.46 1.4816 0.0
88123 11457.25 71.46 1.4816 0.0
90000 11277.43 73.42 1.4816 0.0
90001 11277.43 73.42 1.4816 0.0
90002 11264.9 71.93 1.4816 0.0
90012 11264.9 71.93 1.4816 0.0
90013 11295.22 75.08 1.4816 0.0
90014 11295.22 75.08 1.4816 0.0
90015 11264.97 64.67 1.4816 0.0
90016 11301.21 63.4 1.4816 0.0
90017 11301.21 63.4 1.4816 0.0
90018 11228.02 59.74 1.4816 0.0
90019 11217.97 57.31 1.4816 0.0
90020 11217.97 57.31 1.4816 0.0
90021 11299.58 57.49 1.4816 0.0
90022 11388.8 60.75 1.4816 0.0
90034 11388.8 60.75 1.4816 0.0
90035 11420.21 58.29 1.4816 0.0
90036 11420.21 58.29 1.4816 0.0
90037 11419.34 64.62 1.4816 0.0
90039 11419.34 64.62 1.4816 0.0
90041 11419.34 64.62 1.4816 0.0
90042 11419.34 64.62 1.4816 0.0
90044 11419.34 64.62 1.4816 0.0
90045 11568.7 69.99 1.4816 0.0
90046 11531.59 71.17 1.4816 0.0
90047 11531.59 71.17 1.4816 0.0
90048 11563.57 68.05 1.4816 0.0
90049 11540.05 74.07 1.4816 0.0
90050 11540.05 74.07 1.4816 0.0
90051 11600.71 64.52 1.4816 0.0
90052 11679.37 68.44 1.4816 0.0
90053 11679.37 68.44 1.4816 0.0
90054 11688.08 77.01 1.4816 0.0
90055 11704.89 70.56 1.4816 0.0
90056 11704.89 70.56 1.4816 0.0
90057 11729.64 73.16 1.4816 0.0
90059 11729.64 73.16 1.4816 0.0
90061 11729.64 73.16 1.4816 0.0
90062 11760.07 71.24 1.4816 0.0
90063 11760.07 71.24 1.4816 0.0
90064 11760.07 71.24 1.4816 0.0
90065 11789.15 71.0 1.4816 0.0
90067 11789.15 71.0 1.4816 0.0
90068 11827.4 69.3 1.4816 0.0
90070 11827.4 69.3 1.4816 0.0
90072 11827.4 69.3 1.4816 0.0
90074 11827.4 69.3 1.4816 0.0
90075 11810.41 68.76 1.4816 0.0
90076 11815.67 78.23 1.4816 0.0
90077 11815.67 78.23 1.4816 0.0
90078 11831.67 78.56 1.4816 0.0
90079 11831.67 78.56 1.4816 0.0
90080 11828.44 74.91 1.4816 0.0
90081 11861.32 78.4 1.4816 0.0
90082 11861.32 78.4 1.4816 0.0
90083 11982.43 85.5 1.4816 0.0
90084 12073.91 80.35 1.4816 0.0
90095 12073.91 80.35 1.4816 0.0
90096 12157.42 78.75 1.4816 0.0
90098 12157.42 78.75 1.4816 0.0
90099 12157.42 78.75 1.4816 0.0
90100 12056.31 79.2 1.4816 0.0
90101 12056.31 79.2 1.4816 0.0
90102 12013.24 84.07 1.4816 0.0
90103 12028.3 83.33 1.4816 0.0
90104 12028.3 83.33 1.4816 0.0
90105 12078.47 73.17 1.4816 0.0
90106 12162.94 80.66 1.4816 0.0
90108 12162.94 80.66 1.4816 0.0
90110 12162.94 80.66 1.4816 0.0
90112 12114.87 78.31 1.4816 0.0
90114 12114.87 78.31 1.4816 0.0
90115 12128.77 84.28 1.4816 0.0
90116 12128.77 84.28 1.4816 0.0
90117 12182.06 85.68 1.4816 0.0
90118 12269.08 89.82 1.4816 0.0
90119 12269.08 89.82 1.4816 0.0
90120 12158.84 86.49 1.4816 0.0
90121 12077.26 88.25 1.4816 0.0
90122 12077.26 88.25 1.4816 0.0
90123 12053.07 77.37 1.4816 0.0
90124 12003.57 71.16 1.4816 0.0
90125 12003.57 71.16 1.4816 0.0
90126 12016.4 65.29 1.4816 0.0
90127 11971.26 62.34 1.4816 0.0
90128 11971.26 62.34 1.4816 0.0
90129 12056.7 68.72 1.4816 0.0
90130 12056.7 68.72 1.4816 0.0
90131 12147.74 79.18 1.4816 0.0
90132 12147.74 79.18 1.4816 0.0
90134 12110.43 80.31 1.4816 0.0
90135 12004.62 75.3 1.4816 0.0
90136 12004.62 75.3 1.4816 0.0
90137 11994.55 78.44 1.4816 0.0
90138 12144.5 75.67 1.4816 0.0
90139 12144.5 75.67 1.4816 0.0
90140 12127.67 80.12 1.4816 0.0
90141 12174.99 78.05 1.4816 0.0
90142 12174.99 78.05 1.4816 0.0
90143 12259.43 78.88 1.4816 0.0
90144 12428.36 90.4 1.4816 0.0
90146 12428.36 90.4 1.4816 0.0
90148 12428.36 90.4 1.4816 0.0
90150 12428.36 90.4 1.4816 0.0
90151 12450.37 84.98 1.4816 0.0
90152 12443.74 83.6 1.4816 0.0
90168 12443.74 83.6 1.4816 0.0
90169 12418.75 73.26 1.4816 0.0
90170 12418.75 73.26 1.4816 0.0
90171 12361.77 79.16 1.4816 0.0
90172 12385.45 79.83 1.4816 0.0
90173 12385.45 79.83 1.4816 0.0
90174 12411.81 72.18 1.4816 0.0
90175 12349.54 61.45 1.4816 0.0
90176 12349.54 61.45 1.4816 0.0
90177 12523.49 71.14 1.4816 0.0
90178 12589.27 70.22 1.4816 0.0
90179 12589.27 70.22 1.4816 0.0
90180 12522.89 78.35 1.4816 0.0
90181 12499.31 81.06 1.4816 0.0
90182 12499.31 81.06 1.4816 0.0
90183 12524.67 78.42 1.4816 0.0
90184 12556.81 94.62 1.4816 0.0
90185 12556.81 94.62 1.4816 0.0
90186 12508.25 88.82 1.4816 0.0
90187 12429.6 90.8 1.4816 0.0
90188 12429.6 90.8 1.4816 0.0
90190 12447.71 81.54 1.4816 0.0
90191 12582.45 86.4 1.4816 0.0
90192 12582.45 86.4 1.4816 0.0
90194 12505.73 96.46 1.4816 0.0
90195 12520.79 92.96 1.4816 0.0
90196 12520.79 92.96 1.4816 0.0
90197 12568.5 83.91 1.4816 0.0
90198 12569.61 75.79 1.4816 0.0
90200 12569.61 75.79 1.4816 0.0
90201 12499.24 77.06 1.4816 0.0
90205 12499.24 77.06 1.4816 0.0
90206 12430.68 74.49 1.4816 0.0
90214 12430.68 74.49 1.4816 0.0
90215 12446.78 76.31 1.4816 0.0
90224 12446.78 76.31 1.4816 0.0
90225 12504.08 80.96 1.4816 0.0
90226 12504.08 80.96 1.4816 0.0
90227 12426.18 85.31 1.4816 0.0
90228 12367.4 85.66 1.4816 0.0
90229 12367.4 85.66 1.4816 0.0
90267 12344.86 83.04 1.4816 0.0
90268 12282.58 90.41 1.4816 0.0
90304 12282.58 90.41 1.4816 0.0
90305 12304.72 98.12 1.4816 0.0
90363 12304.72 98.12 1.4816 0.0
90364 12296.12 90.23 1.4816 0.0
90377 12296.12 90.23 1.4816 0.0
90378 12253.48 92.14 1.4816 0.0
90380 12253.48 92.14 1.4816 0.0
90381 12340.01 93.88 1.4816 0.0
90383 12340.01 93.88 1.4816 0.0
90386 12340.01 93.88 1.4816 0.0
90388 12340.01 93.88 1.4816 0.0
90389 12430.2 86.39 1.4816 0.0
90391 12430.2 86.39 1.4816 0.0
90393 12430.2 86.39 1.4816 0.0
90394 12361.41 90.93 1.4816 0.0
90395 12361.41 90.93 1.4816 0.0
90397 12444.21 82.87 1.4816 0.0
90399 12444.21 82.87 1.4816 0.0
90400 12447.75 79.23 1.4816 0.0
90402 12447.75 79.23 1.4816 0.0
90404 12447.75 79.23 1.4816 0.0
90406 12447.75 79.23 1.4816 0.0
90408 12447.75 79.23 1.4816 0.0
90409 12580.32 76.22 1.4816 0.0
90411 12580.32 76.22 1.4816 0.0
90413 12580.32 76.22 1.4816 0.0
90415 12580.32 76.22 1.4816 0.0
90417 12580.32 76.22 1.4816 0.0
90419 12580.32 76.22 1.4816 0.0
90421 12580.32 76.22 1.4816 0.0
90423 12580.32 76.22 1.4816 0.0
90425 12580.32 76.22 1.4816 0.0
90426 12695.6 79.67 1.4816 0.0
90428 12695.6 79.67 1.4816 0.0
90430 12695.6 79.67 1.4816 0.0
90432 12695.6 79.67 1.4816 0.0
90434 12695.6 79.67 1.4816 0.0
90436 12695.6 79.67 1.4816 0.0
90438 12695.6 79.67 1.4816 0.0
90440 12695.6 79.67 1.4816 0.0
90442 12695.6 79.67 1.4816 0.0
90444 12695.6 79.67 1.4816 0.0
90446 12695.6 79.67 1.4816 0.0
90447 12584.18 66.3 1.4816 0.0
90448 12610.1 69.92 1.4816 0.0
90449 12610.1 69.92 1.4816 0.0
90450 12667.24 72.92 1.4816 0.0
90451 12559.63 72.28 1.4816 0.0
90452 12559.63 72.28 1.4816 0.0
90453 12535.33 68.3 1.4816 0.0
90455 12535.33 68.3 1.4816 0.0
90457 12535.33 68.3 1.4816 0.0
90459 12535.33 68.3 1.4816 0.0
90461 12535.33 68.3 1.4816 0.0
90463 12535.33 68.3 1.4816 0.0
90465 12535.33 68.3 1.4816 0.0
90467 12535.33 68.3 1.4816 0.0
90469 12535.33 68.3 1.4816 0.0
90471 12535.33 68.3 1.4816 0.0
90473 12535.33 68.3 1.4816 0.0
90475 12535.33 68.3 1.4816 0.0
90477 12535.33 68.3 1.4816 0.0
90478 12579.7 69.18 1.4816 0.0
90481 12579.7 69.18 1.4816 0.0
90482 12551.32 79.01 1.4816 0.0
90483 12551.32 79.01 1.4816 0.0
90484 12562.97 83.67 1.4816 0.0
90485 12544.74 89.73 1.4816 0.0
90486 12544.74 89.73 1.4816 0.0
90487 12495.47 94.14 1.4816 0.0
90488 12434.52 98.08 1.4816 0.0
90489 12434.52 98.08 1.4816 0.0
90506 12344.11 105.97 1.4816 0.0
90507 12344.11 105.97 1.4816 0.0
90508 12344.11 105.97 1.4816 0.0
90509 12344.11 105.97 1.4816 0.0
90511 12344.11 105.97 1.4816 0.0
90512 12344.11 105.97 1.4816 0.0
90513 12344.11 105.97 1.4816 0.0
90514 12344.11 105.97 1.4816 0.0
90518 12344.11 105.97 1.4816 0.0
90519 12344.11 105.97 1.4816 0.0
90520 12344.11 105.97 1.4816 0.0
90521 12344.11 105.97 1.4816 0.0
90522 12206.63 103.65 1.4816 0.0
90523 12206.63 103.65 1.4816 0.0
90525 12206.63 103.65 1.4816 0.0
90526 12037.3 101.68 1.4816 0.0
90527 12237.74 101.72 1.4816 0.0
90528 12237.74 101.72 1.4816 0.0
90530 12076.99 89.4 1.4816 0.0
90531 12076.99 89.4 1.4816 0.0
90532 12132.68 85.13 1.4816 0.0
90534 12132.68 85.13 1.4816 0.0
90535 12221.21 90.68 1.4816 0.0
90536 12221.21 90.68 1.4816 0.0
90537 12258.61 83.21 1.4816 0.0
90538 12282.16 96.85 1.4816 0.0
90539 12282.16 96.85 1.4816 0.0
90540 12431.55 92.69 1.4816 0.0
90541 12514.25 95.27 1.4816 0.0
90543 12588.96 87.42 1.4816 0.0
90545 12588.96 87.42 1.4816 0.0
90546 12819.84 72.3 1.4816 0.0
90547 12819.84 72.3 1.4816 0.0
90548 12772.18 75.97 1.4816 0.0
90549 12854.07 78.18 1.4816 0.0
90550 12854.07 78.18 1.4816 0.0
90551 12882.72 72.71 1.4816 0.0
