82907 37740404078.05 2.6041631082141978e+17 -1.082 0
82909 62073463197.21 6.595108055141509e+17 -1.082 0
82910 60215125363.16 5.720701805148618e+17 -1.082 0
82911 67646530874.32 7.264332166882476e+17 -1.082 0
82912 65646745332.23 6.716314639735101e+17 -1.082 0
82914 84134435962.36 1.0342221311774678e+18 -1.082 0
82915 128295987884.89 1.4105872072168873e+18 -1.082 0
85001 128295987884.89 1.4105872072168873e+18 -1.082 0
85005 128295987884.89 1.4105872072168873e+18 -1.082 0
85007 88556953450.64 6.635836401487014e+17 -1.082 0
85009 239521551361.85 2.0891222617676106e+18 -1.082 0
85011 462494018951.95 3.0831762280238817e+18 -1.082 0
85013 120215884606.69 inf -1.082 0
85015 892739143625.91 3.097775835855578e+18 -1.082 0
85038 1249103586540.01 3.9844996309053885e+18 -1.082 0
85039 1916304233363.68 4.9220889257428e+18 -1.082 0
85041 1916304233363.68 4.9220889257428e+18 -1.082 0
85046 1916304233363.68 4.9220889257428e+18 -1.082 0
85065 1077669270515.06 inf -1.082 0
85067 1390668127862.18 2.3947113600977746e+18 -1.082 0
85069 278166872170.27 inf -1.082 0
85071 34124508099.59 3585547964022922.0 -1.082 0
85073 72668.19 27728.96 -1.082 0
85075 72668.19 27728.96 -1.082 0
85076 51831.08 13468.78 -1.082 0
85078 51831.08 13468.78 -1.082 0
85080 51831.08 13468.78 -1.082 0
85082 45933.18 9966.8 -1.082 0
85086 45933.18 9966.8 -1.082 0
85087 45933.18 9966.8 -1.082 0
85105 38675.87 6795.08 -1.082 0
85106 34404.32 5623.63 -1.082 0
85108 35035.0 5414.43 -1.082 0
85109 38295.45 6312.03 -1.082 0
85110 35335.64 5683.11 -1.082 0
85111 30745.32 4681.33 -1.082 0
85112 25388.42 2829.97 -1.082 0
85118 25388.42 2829.97 -1.082 0
85120 22491.97 2229.67 -1.082 0
85138 22491.97 2229.67 -1.082 0
85139 20891.49 2054.03 -1.082 0
85140 19732.54 1824.09 -1.082 0
85141 19014.64 1516.08 -1.082 0
85142 19213.23 1401.87 -1.082 0
85143 19339.23 1410.21 -1.082 0
85147 19169.54 1331.04 -1.082 0
85165 18285.48 1065.64 -1.082 0
85166 18339.68 923.26 -1.082 0
85167 17371.99 778.61 -1.082 0
85169 17371.99 778.61 -1.082 0
85170 17058.39 786.58 -1.082 0
85171 17140.68 745.38 -1.082 0
85172 17038.1 753.46 -1.082 0
85176 17308.23 676.31 -1.082 0
85193 18728.68 846.28 -1.082 0
85194 19078.52 846.5 -1.082 0
85195 19107.25 981.9 -1.082 0
85196 19432.99 1063.36 -1.082 0
85197 19305.92 1042.05 -1.082 0
85198 18626.91 1058.87 -1.082 0
85200 18626.91 1058.87 -1.082 0
85201 17938.53 822.69 -1.082 0
85208 17938.53 822.69 -1.082 0
85218 17204.09 695.44 -1.082 0
85220 17204.09 695.44 -1.082 0
85221 16753.61 729.81 -1.082 0
85222 16507.46 665.27 -1.082 0
85223 16789.32 650.9 -1.082 0
85224 16679.11 713.42 -1.082 0
85225 15756.02 672.99 -1.082 0
85226 15764.54 716.8 -1.082 0
85234 15764.54 716.8 -1.082 0
85235 15488.42 802.74 -1.082 0
85239 15488.42 802.74 -1.082 0
85240 14772.63 753.9 -1.082 0
85241 15390.27 777.34 -1.082 0
85242 15231.46 726.53 -1.082 0
85243 15683.79 705.51 -1.082 0
85244 15683.79 705.51 -1.082 0
85245 15355.77 662.6 -1.082 0
85253 15567.21 642.19 -1.082 0
85254 16016.13 673.75 -1.082 0
85258 16016.13 673.75 -1.082 0
85259 15802.68 577.7 -1.082 0
85261 16477.61 589.55 -1.082 0
85266 16477.61 589.55 -1.082 0
85267 16836.93 581.13 -1.082 0
85268 16529.99 573.16 -1.082 0
85270 16596.37 529.55 -1.082 0
85278 16553.29 502.72 -1.082 0
85279 17104.04 535.33 -1.082 0
85280 17143.2 711.53 -1.082 0
85281 17341.8 866.26 -1.082 0
85282 17011.99 809.7 -1.082 0
85284 17027.54 797.16 -1.082 0
85286 17027.54 797.16 -1.082 0
85287 16338.49 797.63 -1.082 0
85289 16858.38 904.3 -1.082 0
85290 18194.3 1087.45 -1.082 0
85291 18618.81 990.79 -1.082 0
85292 19741.47 1130.89 -1.082 0
85293 19741.47 1130.89 -1.082 0
85294 19226.69 1065.14 -1.082 0
85295 18560.61 1002.69 -1.082 0
85296 19672.82 1115.93 -1.082 0
85297 19466.22 1112.98 -1.082 0
85305 19466.22 1112.98 -1.082 0
85307 20576.22 1313.14 -1.082 0
85309 20576.22 1313.14 -1.082 0
85310 19087.53 1115.96 -1.082 0
85311 18826.3 1039.39 -1.082 0
85312 19237.03 1103.27 -1.082 0
85313 18530.88 1077.65 -1.082 0
85314 19328.27 1161.36 -1.082 0
85315 19989.74 1260.89 -1.082 0
85316 19989.74 1260.89 -1.082 0
85317 20232.79 1164.89 -1.082 0
85318 20232.79 1164.89 -1.082 0
85319 19096.89 1149.96 -1.082 0
85320 18261.15 1112.05 -1.082 0
85321 18261.15 1112.05 -1.082 0
85322 17755.01 1095.74 -1.082 0
85323 18264.57 1197.74 -1.082 0
85324 18968.31 1481.38 -1.082 0
85327 18968.31 1481.38 -1.082 0
85329 18968.31 1481.38 -1.082 0
85331 18468.71 1479.75 -1.082 0
85333 19574.22 1564.51 -1.082 0
85334 17964.78 1150.09 -1.082 0
85342 17964.78 1150.09 -1.082 0
85344 18593.9 1198.62 -1.082 0
85346 18593.9 1198.62 -1.082 0
85348 18593.9 1198.62 -1.082 0
85350 18593.9 1198.62 -1.082 0
85351 19193.92 1052.83 -1.082 0
85352 18471.19 993.22 -1.082 0
85354 19639.37 1011.97 -1.082 0
85355 18564.71 874.61 -1.082 0
85357 18564.71 874.61 -1.082 0
85365 18564.71 874.61 -1.082 0
85366 18090.38 943.8 -1.082 0
85368 18090.38 943.8 -1.082 0
85370 18090.38 943.8 -1.082 0
85372 17401.49 822.15 -1.082 0
85373 17401.49 822.15 -1.082 0
85374 16363.72 763.84 -1.082 0
85375 16504.25 769.88 -1.082 0
85376 16375.34 758.22 -1.082 0
85378 16506.97 786.67 -1.082 0
85380 16506.97 786.67 -1.082 0
85382 16506.97 786.67 -1.082 0
85392 15938.74 773.24 -1.082 0
85393 16044.31 767.87 -1.082 0
85401 15175.83 648.6 -1.082 0
85402 16497.09 859.15 -1.082 0
85403 17280.47 1031.52 -1.082 0
85404 17306.06 1033.3 -1.082 0
85405 17742.34 1091.94 -1.082 0
85406 17133.51 1024.58 -1.082 0
85407 17566.07 1212.89 -1.082 0
85412 17566.07 1212.89 -1.082 0
85414 17998.36 1189.93 -1.082 0
85415 18158.88 1181.86 -1.082 0
85423 18158.88 1181.86 -1.082 0
85425 18298.86 1192.38 -1.082 0
85427 18298.86 1192.38 -1.082 0
85428 18156.01 1066.47 -1.082 0
85429 17722.79 932.95 -1.082 0
85431 17722.79 932.95 -1.082 0
85433 17722.79 932.95 -1.082 0
85441 17570.81 992.69 -1.082 0
85442 18277.32 1040.05 -1.082 0
85443 17796.7 1020.51 -1.082 0
85444 17946.05 923.81 -1.082 0
85445 19165.74 1052.87 -1.082 0
85446 17960.86 1167.89 -1.082 0
85447 17902.75 1097.41 -1.082 0
85448 17830.46 1008.28 -1.082 0
85450 18062.93 932.74 -1.082 0
85451 18647.5 1159.82 -1.082 0
85452 18275.98 924.15 -1.082 0
85453 18275.98 924.15 -1.082 0
85454 18275.98 924.15 -1.082 0
85455 18275.98 924.15 -1.082 0
85456 18919.56 1058.77 -1.082 0
85457 19136.12 1091.52 -1.082 0
85458 19462.69 1125.1 -1.082 0
85459 19833.05 1132.24 -1.082 0
85461 19833.05 1132.24 -1.082 0
85463 19485.0 1057.03 -1.082 0
85465 19485.0 1057.03 -1.082 0
85466 19037.25 1114.05 -1.082 0
85467 19933.08 1189.52 -1.082 0
85468 20350.82 1172.77 -1.082 0
85469 17980.78 829.12 -1.082 0
85471 18608.3 854.48 -1.082 0
85472 19273.63 811.69 -1.082 0
85486 19273.63 811.69 -1.082 0
85487 19482.6 940.83 -1.082 0
85488 19197.72 933.7 -1.082 0
85489 19197.72 933.7 -1.082 0
85490 18523.16 951.29 -1.082 0
85492 18523.16 951.29 -1.082 0
85493 18905.0 941.08 -1.082 0
85494 18723.08 864.52 -1.082 0
85495 18200.73 745.52 -1.082 0
85496 18264.86 794.52 -1.082 0
85498 18264.86 794.52 -1.082 0
85500 18264.86 794.52 -1.082 0
85501 19748.03 867.0 -1.082 0
85502 20545.57 890.36 -1.082 0
85504 20941.41 928.49 -1.082 0
85505 20737.99 1042.12 -1.082 0
85506 20722.89 1174.27 -1.082 0
85507 21493.49 1245.14 -1.082 0
85508 20986.1 1214.17 -1.082 0
85518 20986.1 1214.17 -1.082 0
85519 19994.93 1088.15 -1.082 0
85520 20279.04 1134.15 -1.082 0
85521 22364.37 1479.49 -1.082 0
85522 23239.59 1472.57 -1.082 0
85523 22467.8 1410.98 -1.082 0
85525 22642.47 1494.08 -1.082 0
85526 24199.13 1584.54 -1.082 0
85527 23623.76 1436.47 -1.082 0
85528 22942.27 1325.96 -1.082 0
85529 23146.18 1424.52 -1.082 0
85530 22681.76 1210.24 -1.082 0
85531 21926.39 1212.15 -1.082 0
85532 21042.77 1174.66 -1.082 0
85533 20190.9 1058.38 -1.082 0
85534 20229.6 1047.29 -1.082 0
85535 20542.35 1095.49 -1.082 0
85536 20374.76 1168.66 -1.082 0
85537 18960.53 920.25 -1.082 0
85538 18126.09 923.64 -1.082 0
85539 18574.74 1006.24 -1.082 0
85540 18000.42 1007.73 -1.082 0
85550 18000.42 1007.73 -1.082 0
85551 17964.09 1109.37 -1.082 0
85552 19083.27 1250.85 -1.082 0
85553 18372.85 1153.42 -1.082 0
85554 18161.71 1069.19 -1.082 0
85555 18142.53 1168.56 -1.082 0
85556 18884.4 1207.53 -1.082 0
85557 19296.65 1339.63 -1.082 0
85558 19186.48 1378.63 -1.082 0
85559 19385.41 1174.99 -1.082 0
85561 19766.51 1405.9 -1.082 0
85562 19575.62 1463.94 -1.082 0
85563 19431.5 1331.55 -1.082 0
85576 19635.41 1470.1 -1.082 0
85590 19870.89 1494.64 -1.082 0
85605 20805.0 1624.32 -1.082 0
85619 20677.82 1627.35 -1.082 0
85632 19092.52 1340.56 -1.082 0
85633 19450.31 1414.98 -1.082 0
85634 19202.76 1530.95 -1.082 0
85673 19496.87 1461.52 -1.082 0
85674 18440.68 1368.91 -1.082 0
85675 19579.43 1404.25 -1.082 0
85684 19516.87 1268.24 -1.082 0
85686 20060.16 1181.7 -1.082 0
85687 19390.84 972.44 -1.082 0
85688 18625.52 926.85 -1.082 0
85689 18852.77 845.3 -1.082 0
85690 19224.77 899.02 -1.082 0
85696 19224.77 899.02 -1.082 0
85697 18944.56 906.44 -1.082 0
85699 18944.56 906.44 -1.082 0
85700 18777.74 1092.0 -1.082 0
85708 19053.09 1019.63 -1.082 0
85709 19053.09 1019.63 -1.082 0
85710 19790.94 1098.21 -1.082 0
85712 19191.81 1078.64 -1.082 0
85713 18942.64 1038.52 -1.082 0
85715 19059.16 1108.45 -1.082 0
85717 19059.16 1108.45 -1.082 0
85718 19059.16 1108.45 -1.082 0
85720 20494.57 1217.71 -1.082 0
85721 20832.74 1348.44 -1.082 0
85722 21144.97 1381.91 -1.082 0
85736 21144.97 1381.91 -1.082 0
85737 20650.48 1287.77 -1.082 0
85738 20369.39 1192.38 -1.082 0
85740 20685.09 1414.88 -1.082 0
85742 20685.09 1414.88 -1.082 0
85744 20685.09 1414.88 -1.082 0
85745 20685.09 1414.88 -1.082 0
85747 19572.8 1104.19 -1.082 0
85749 19572.8 1104.19 -1.082 0
85750 19349.54 896.62 -1.082 0
85751 20372.33 862.97 -1.082 0
85752 20585.29 1009.26 -1.082 0
85753 20193.11 909.52 -1.082 0
85754 20252.6 908.05 -1.082 0
85755 21359.81 1179.71 -1.082 0
85756 22160.16 1204.27 -1.082 0
85757 21515.81 1015.94 -1.082 0
85758 20759.62 1048.19 -1.082 0
85759 20729.12 1024.5 -1.082 0
85760 20787.89 1073.35 -1.082 0
85761 21780.62 1250.97 -1.082 0
85763 21545.76 1167.64 -1.082 0
85765 21545.76 1167.64 -1.082 0
85766 21321.74 1057.84 -1.082 0
85767 22187.97 1407.96 -1.082 0
85775 22863.71 1314.12 -1.082 0
85776 21211.07 1083.91 -1.082 0
85777 20251.45 1046.76 -1.082 0
85778 20422.51 987.48 -1.082 0
85779 20503.44 1148.34 -1.082 0
85780 20133.15 1252.13 -1.082 0
85781 19857.86 1029.35 -1.082 0
85782 20219.11 955.14 -1.082 0
85783 20390.69 899.75 -1.082 0
85784 19505.33 934.87 -1.082 0
85785 19489.85 1075.04 -1.082 0
85786 18449.0 941.48 -1.082 0
85787 19659.86 1182.89 -1.082 0
85788 19659.86 1182.89 -1.082 0
85789 20084.55 1262.48 -1.082 0
85790 20463.56 1340.24 -1.082 0
85791 19451.53 1278.41 -1.082 0
85792 19451.53 1278.41 -1.082 0
85793 20423.04 1385.82 -1.082 0
85794 21227.6 1280.35 -1.082 0
85795 20740.82 1214.0 -1.082 0
85796 20623.63 1142.93 -1.082 0
85797 20110.09 1225.0 -1.082 0
85799 19930.76 1233.15 -1.082 0
85800 19155.7 1006.72 -1.082 0
85801 20127.1 1083.91 -1.082 0
85802 19388.96 1118.7 -1.082 0
85803 18914.84 936.4 -1.082 0
85804 19386.92 1127.53 -1.082 0
85805 18910.5 1101.2 -1.082 0
85806 19094.34 1104.0 -1.082 0
85807 18328.05 1031.92 -1.082 0
85808 19105.5 1127.89 -1.082 0
85809 17989.77 826.05 -1.082 0
85810 18052.46 852.94 -1.082 0
85811 17987.91 933.79 -1.082 0
85812 18130.13 800.24 -1.082 0
85814 17904.14 643.81 -1.082 0
85815 18525.94 704.34 -1.082 0
85816 19349.25 812.51 -1.082 0
85817 18003.03 660.37 -1.082 0
85818 18293.31 759.33 -1.082 0
85819 19579.24 955.32 -1.082 0
85820 19861.36 1089.18 -1.082 0
85834 19861.36 1089.18 -1.082 0
85835 19861.36 1089.18 -1.082 0
85836 20499.44 1112.14 -1.082 0
85837 19741.63 1002.86 -1.082 0
85838 19400.88 1100.35 -1.082 0
85839 19419.95 1259.37 -1.082 0
85840 19869.45 1204.59 -1.082 0
85841 19182.09 1075.31 -1.082 0
85842 19545.34 1184.65 -1.082 0
85844 19545.34 1184.65 -1.082 0
85846 19545.34 1184.65 -1.082 0
85847 18514.04 1094.73 -1.082 0
85848 19131.42 1165.19 -1.082 0
85849 18016.08 1051.54 -1.082 0
85850 18007.6 1104.13 -1.082 0
85851 18271.85 1026.13 -1.082 0
85852 18882.06 993.76 -1.082 0
85853 17717.43 827.96 -1.082 0
85854 17785.55 670.27 -1.082 0
85856 17785.55 670.27 -1.082 0
85857 17127.38 523.26 -1.082 0
85858 17417.46 696.91 -1.082 0
85859 18292.28 764.61 -1.082 0
85860 18389.21 819.6 -1.082 0
85861 18569.3 756.65 -1.082 0
85862 18926.37 774.65 -1.082 0
85864 18499.37 841.15 -1.082 0
85865 19300.98 975.61 -1.082 0
85866 19300.98 975.61 -1.082 0
85867 19510.25 1162.34 -1.082 0
85868 19894.03 1321.7 -1.082 0
85869 19766.24 1304.43 -1.082 0
85883 19985.99 1612.8 -1.082 0
85885 19784.14 1481.87 -1.082 0
85887 19871.68 1486.02 -1.082 0
85889 19871.68 1486.02 -1.082 0
85891 19871.68 1486.02 -1.082 0
85893 19291.42 1412.46 -1.082 0
85894 18986.16 1409.13 -1.082 0
85895 18986.16 1409.13 -1.082 0
85896 18970.83 1457.04 -1.082 0
85897 19279.55 1511.68 -1.082 0
85898 19279.55 1511.68 -1.082 0
85899 19387.0 1371.11 -1.082 0
85900 19167.97 1318.98 -1.082 0
85901 18971.71 1356.29 -1.082 0
85902 19388.53 1310.01 -1.082 0
85903 19454.85 1231.76 -1.082 0
85904 18375.22 1088.75 -1.082 0
85905 18651.41 1056.58 -1.082 0
85906 18651.97 1112.17 -1.082 0
85907 18624.06 1046.18 -1.082 0
85908 18522.4 970.92 -1.082 0
85909 18866.32 1060.01 -1.082 0
85910 18563.78 1037.66 -1.082 0
85911 19264.68 982.27 -1.082 0
85912 19264.68 982.27 -1.082 0
85914 18899.06 930.29 -1.082 0
85936 18899.06 930.29 -1.082 0
85937 19018.3 969.31 -1.082 0
85939 19018.3 969.31 -1.082 0
85941 19018.3 969.31 -1.082 0
85943 18479.85 835.59 -1.082 0
85944 19047.61 885.64 -1.082 0
85945 19648.32 879.3 -1.082 0
85946 19485.83 956.81 -1.082 0
85947 18902.76 993.8 -1.082 0
85948 19829.97 1070.23 -1.082 0
85949 19179.95 1120.34 -1.082 0
85951 19179.95 1120.34 -1.082 0
85952 18862.5 1159.74 -1.082 0
85953 19175.65 1187.89 -1.082 0
85954 19175.65 1187.89 -1.082 0
85955 19175.65 1187.89 -1.082 0
85956 18583.32 1196.84 -1.082 0
85957 18583.32 1196.84 -1.082 0
85958 18742.53 1055.41 -1.082 0
85959 19173.35 1097.86 -1.082 0
85960 18562.05 915.81 -1.082 0
85961 18562.05 915.81 -1.082 0
85962 18562.05 915.81 -1.082 0
85963 18562.05 915.81 -1.082 0
85964 18562.05 915.81 -1.082 0
85965 18562.05 915.81 -1.082 0
85966 18562.05 915.81 -1.082 0
85967 18722.75 999.16 -1.082 0
85968 17983.14 841.92 -1.082 0
85969 17983.14 841.92 -1.082 0
85970 17983.14 841.92 -1.082 0
85972 18035.88 801.6 -1.082 0
85974 18035.88 801.6 -1.082 0
85975 18077.3 870.17 -1.082 0
85977 18077.3 870.17 -1.082 0
85982 18077.3 870.17 -1.082 0
85983 18347.89 812.8 -1.082 0
85984 18515.86 950.27 -1.082 0
85985 18675.72 1000.71 -1.082 0
85986 18233.65 948.24 -1.082 0
85987 18524.93 825.09 -1.082 0
85988 18650.18 883.84 -1.082 0
85989 18483.68 1124.72 -1.082 0
85990 19256.08 1219.93 -1.082 0
85991 18833.35 1093.87 -1.082 0
86000 18383.52 985.39 -1.082 0
86001 18099.27 890.8 -1.082 0
86016 18504.73 968.08 -1.082 0
86017 18440.4 870.13 -1.082 0
86019 18440.4 870.13 -1.082 0
86020 18440.4 870.13 -1.082 0
86044 17569.92 726.09 -1.082 0
86045 17333.28 895.06 -1.082 0
86046 16516.21 927.27 -1.082 0
86048 16287.59 979.4 -1.082 0
86050 16420.2 1079.53 -1.082 0
86051 17012.49 1001.77 -1.082 0
86053 17012.49 1001.77 -1.082 0
86054 17199.73 1063.2 -1.082 0
86055 16684.09 1081.93 -1.082 0
86056 15753.61 980.47 -1.082 0
86058 16440.22 1054.43 -1.082 0
86059 16618.34 951.75 -1.082 0
86060 16984.47 996.7 -1.082 0
86061 17256.28 1063.85 -1.082 0
86062 17325.07 1037.2 -1.082 0
86063 17205.01 962.31 -1.082 0
86064 16672.57 734.01 -1.082 0
86065 16672.57 734.01 -1.082 0
86066 17088.43 831.68 -1.082 0
86068 17088.43 831.68 -1.082 0
86071 17632.98 935.8 -1.082 0
86072 17427.59 878.16 -1.082 0
86073 17565.29 803.95 -1.082 0
86074 17450.23 645.89 -1.082 0
86075 17638.69 611.46 -1.082 0
86080 18011.19 699.16 -1.082 0
86081 19084.14 681.28 -1.082 0
86082 18122.41 620.2 -1.082 0
86098 18122.41 620.2 -1.082 0
86100 18028.96 724.2 -1.082 0
86101 17881.91 705.04 -1.082 0
86102 17749.12 789.85 -1.082 0
86103 17487.74 802.77 -1.082 0
86104 17487.74 802.77 -1.082 0
86105 18336.75 834.45 -1.082 0
86106 19565.96 972.86 -1.082 0
86109 19565.96 972.86 -1.082 0
86122 19712.2 1119.68 -1.082 0
86124 19712.2 1119.68 -1.082 0
86133 19712.2 1119.68 -1.082 0
86148 19382.16 1215.49 -1.082 0
86149 19355.57 1195.45 -1.082 0
86150 19355.57 1195.45 -1.082 0
86152 19355.57 1195.45 -1.082 0
86163 19084.52 1290.02 -1.082 0
86165 17796.45 1079.3 -1.082 0
86166 17578.72 901.96 -1.082 0
86167 17256.58 841.7 -1.082 0
86168 17368.65 841.73 -1.082 0
86169 17454.6 835.72 -1.082 0
86171 17454.6 835.72 -1.082 0
86172 16730.91 784.66 -1.082 0
86174 16730.91 784.66 -1.082 0
86175 17121.88 885.13 -1.082 0
86176 17300.48 802.47 -1.082 0
86177 17323.02 769.64 -1.082 0
86178 16796.92 743.3 -1.082 0
86179 16037.33 785.94 -1.082 0
86180 16233.54 751.86 -1.082 0
86181 16881.69 803.57 -1.082 0
86182 16462.68 782.64 -1.082 0
86183 15673.18 699.66 -1.082 0
86198 16317.53 839.12 -1.082 0
86208 15917.09 711.24 -1.082 0
86222 15818.78 611.46 -1.082 0
86236 15814.59 793.73 -1.082 0
86239 15814.59 793.73 -1.082 0
86240 15814.59 793.73 -1.082 0
86242 15837.33 913.05 -1.082 0
86243 16696.48 1083.26 -1.082 0
86244 16696.48 1083.26 -1.082 0
86245 16696.48 1083.26 -1.082 0
86246 16197.73 965.57 -1.082 0
86247 16349.67 1069.26 -1.082 0
86248 16486.75 962.62 -1.082 0
86249 17239.85 1015.92 -1.082 0
86250 17164.95 1010.21 -1.082 0
86257 16745.72 861.06 -1.082 0
86258 16483.88 898.66 -1.082 0
86259 16606.76 1062.98 -1.082 0
86260 17152.06 1040.51 -1.082 0
86261 17473.6 1212.44 -1.082 0
86263 19149.72 1481.24 -1.082 0
86264 19406.46 1575.07 -1.082 0
86265 19960.36 1642.32 -1.082 0
86266 19647.98 1389.25 -1.082 0
86267 18791.04 1107.58 -1.082 0
86270 18791.04 1107.58 -1.082 0
86271 19852.44 1111.4 -1.082 0
86272 19205.03 1096.33 -1.082 0
86273 19205.03 1096.33 -1.082 0
86274 19379.48 1022.64 -1.082 0
86275 18324.92 888.51 -1.082 0
86276 18039.25 863.17 -1.082 0
86277 17627.05 910.54 -1.082 0
86278 17571.99 909.3 -1.082 0
86279 17811.45 989.03 -1.082 0
86280 18454.87 1117.42 -1.082 0
86281 18261.64 1169.38 -1.082 0
86298 18261.64 1169.38 -1.082 0
86299 17089.33 997.14 -1.082 0
86300 17038.17 924.06 -1.082 0
86301 16935.0 829.79 -1.082 0
86302 17180.86 888.42 -1.082 0
86303 17165.94 728.27 -1.082 0
86304 17165.94 728.27 -1.082 0
86305 17165.94 728.27 -1.082 0
86306 16654.81 624.65 -1.082 0
86307 17389.22 672.31 -1.082 0
86309 17389.22 672.31 -1.082 0
86310 17731.91 800.05 -1.082 0
86311 17250.58 818.95 -1.082 0
86312 17250.58 818.95 -1.082 0
86313 17575.56 804.32 -1.082 0
86314 17705.93 912.02 -1.082 0
86315 18049.5 813.16 -1.082 0
86316 18006.09 779.5 -1.082 0
86317 18162.99 772.27 -1.082 0
86320 17476.88 694.63 -1.082 0
86322 17476.88 694.63 -1.082 0
86324 17476.88 694.63 -1.082 0
86326 17734.06 766.27 -1.082 0
86337 17734.06 766.27 -1.082 0
86339 18323.79 886.68 -1.082 0
86340 17710.4 807.03 -1.082 0
86342 18534.63 899.48 -1.082 0
86343 19392.4 1007.52 -1.082 0
86345 20071.1 1205.35 -1.082 0
86348 20071.1 1205.35 -1.082 0
86349 18721.15 1136.52 -1.082 0
86351 18721.15 1136.52 -1.082 0
86352 18176.11 1036.27 -1.082 0
86353 18917.53 1277.52 -1.082 0
86354 19164.91 1112.67 -1.082 0
86355 22134.53 1430.62 -1.082 0
86356 21782.76 1365.5 -1.082 0
86357 22473.62 1322.49 -1.082 0
86358 21901.43 1205.62 -1.082 0
86360 21346.99 913.41 -1.082 0
86361 21530.24 1087.57 -1.082 0
86362 21467.97 1077.04 -1.082 0
86363 20485.6 1087.18 -1.082 0
86377 20485.6 1087.18 -1.082 0
86378 20551.28 1234.17 -1.082 0
86379 19209.36 1029.69 -1.082 0
86381 19209.36 1029.69 -1.082 0
86382 19837.06 1010.13 -1.082 0
86383 21476.26 1311.47 -1.082 0
86384 21387.06 1488.83 -1.082 0
86385 20658.53 1320.28 -1.082 0
86392 18605.23 1148.19 -1.082 0
86394 18325.18 1059.91 -1.082 0
86395 17344.49 1051.74 -1.082 0
86396 17509.7 1114.4 -1.082 0
86397 17847.11 1157.15 -1.082 0
86398 18129.68 1076.82 -1.082 0
86403 17247.47 833.53 -1.082 0
86404 17259.83 827.41 -1.082 0
86405 17259.83 827.41 -1.082 0
86407 17259.83 827.41 -1.082 0
86409 18011.32 839.81 -1.082 0
86410 17747.49 807.47 -1.082 0
86412 17747.49 807.47 -1.082 0
86413 17619.63 879.38 -1.082 0
86414 16880.43 865.03 -1.082 0
86415 16791.56 1017.28 -1.082 0
86417 16791.56 1017.28 -1.082 0
86418 16662.87 983.52 -1.082 0
86420 16662.87 983.52 -1.082 0
86421 17254.04 975.51 -1.082 0
86422 17591.91 988.28 -1.082 0
86423 18369.91 1122.91 -1.082 0
86424 19019.29 1051.11 -1.082 0
86425 18299.37 1020.02 -1.082 0
86426 18452.28 1066.63 -1.082 0
86427 18857.34 1166.46 -1.082 0
86428 19690.85 1271.37 -1.082 0
86429 19599.27 1276.75 -1.082 0
86430 19072.04 1169.81 -1.082 0
86447 20310.29 1307.72 -1.082 0
86448 21294.66 1221.06 -1.082 0
86449 21294.66 1221.06 -1.082 0
86451 22412.35 1526.35 -1.082 0
86452 22014.57 1477.76 -1.082 0
86453 23135.45 1634.41 -1.082 0
86454 23212.19 1588.7 -1.082 0
86455 23326.7 1451.67 -1.082 0
86456 23326.7 1451.67 -1.082 0
86458 22657.74 1487.51 -1.082 0
86459 23096.63 1550.38 -1.082 0
86460 22661.28 1448.6 -1.082 0
86461 21458.22 1213.07 -1.082 0
86462 20976.44 1186.48 -1.082 0
86463 20540.51 1091.66 -1.082 0
86467 20540.51 1091.66 -1.082 0
86473 19560.35 907.13 -1.082 0
86474 18602.59 866.81 -1.082 0
86476 18602.59 866.81 -1.082 0
86478 18602.59 866.81 -1.082 0
86480 18019.86 907.21 -1.082 0
86482 18019.86 907.21 -1.082 0
86483 17941.06 881.99 -1.082 0
86484 17990.83 844.23 -1.082 0
86485 19755.49 998.83 -1.082 0
86486 19755.49 998.83 -1.082 0
86487 19755.49 998.83 -1.082 0
86489 19317.83 936.83 -1.082 0
86490 19170.99 966.29 -1.082 0
86492 19170.99 966.29 -1.082 0
86493 19248.35 1072.95 -1.082 0
86494 19245.62 1115.79 -1.082 0
86495 18639.73 1102.73 -1.082 0
86510 18639.73 1102.73 -1.082 0
86513 19347.49 1190.77 -1.082 0
86516 19347.49 1190.77 -1.082 0
86519 19347.49 1190.77 -1.082 0
86521 19347.49 1190.77 -1.082 0
86523 19347.49 1190.77 -1.082 0
86524 19788.52 1129.69 -1.082 0
86525 18458.84 1142.13 -1.082 0
86526 18458.84 1142.13 -1.082 0
86527 18713.87 1092.19 -1.082 0
86528 19310.93 1160.93 -1.082 0
86529 19272.76 1169.41 -1.082 0
86530 18354.99 938.4 -1.082 0
86531 16782.54 738.67 -1.082 0
86532 16618.16 714.82 -1.082 0
86533 16664.73 696.28 -1.082 0
86534 15993.6 709.52 -1.082 0
86535 15993.6 709.52 -1.082 0
86536 15993.6 709.52 -1.082 0
86537 15993.6 709.52 -1.082 0
86538 15993.6 709.52 -1.082 0
86539 15993.6 709.52 -1.082 0
86540 15993.6 709.52 -1.082 0
86541 15993.6 709.52 -1.082 0
86542 15993.6 709.52 -1.082 0
86543 15938.94 672.36 -1.082 0
86545 16545.67 733.97 -1.082 0
86546 16545.67 733.97 -1.082 0
86547 16865.51 749.15 -1.082 0
86548 16865.51 749.15 -1.082 0
86549 16591.44 754.99 -1.082 0
86550 16525.79 709.04 -1.082 0
86551 16678.14 673.61 -1.082 0
86552 17251.48 783.21 -1.082 0
86553 17358.72 970.55 -1.082 0
86554 17830.13 1001.42 -1.082 0
86555 17992.93 1058.0 -1.082 0
86557 17992.93 1058.0 -1.082 0
86558 17992.93 1058.0 -1.082 0
86559 18589.45 1161.49 -1.082 0
86560 19337.58 1260.25 -1.082 0
86575 19497.32 1195.64 -1.082 0
86576 18980.92 1112.67 -1.082 0
86577 20955.94 1301.5 -1.082 0
86578 20856.83 1102.03 -1.082 0
86579 19781.77 965.06 -1.082 0
86580 19919.62 1116.84 -1.082 0
86581 19228.62 1214.37 -1.082 0
86583 19228.62 1214.37 -1.082 0
86585 19571.74 1250.16 -1.082 0
86588 19571.74 1250.16 -1.082 0
86589 19280.11 1184.55 -1.082 0
86591 19280.11 1184.55 -1.082 0
86592 19214.66 1185.79 -1.082 0
86594 18213.61 1030.23 -1.082 0
86595 18213.61 1030.23 -1.082 0
86596 18213.61 1030.23 -1.082 0
86597 17680.1 1026.93 -1.082 0
86598 17288.04 963.04 -1.082 0
86599 16888.3 971.83 -1.082 0
86600 16209.68 876.06 -1.082 0
86601 16007.38 776.7 -1.082 0
86602 16007.38 776.7 -1.082 0
86603 16406.69 840.53 -1.082 0
86604 15603.09 750.26 -1.082 0
86605 15353.03 661.18 -1.082 0
86606 15714.98 603.84 -1.082 0
86607 16382.34 732.44 -1.082 0
86608 16684.91 712.75 -1.082 0
86609 15910.67 671.45 -1.082 0
86610 16021.97 742.27 -1.082 0
86611 15996.42 757.54 -1.082 0
86612 17114.67 902.39 -1.082 0
86613 17778.5 1005.12 -1.082 0
86614 18137.92 913.42 -1.082 0
86615 19409.22 975.76 -1.082 0
86616 19720.01 1017.19 -1.082 0
86617 21273.64 1001.71 -1.082 0
86618 20891.06 975.62 -1.082 0
86626 20891.06 975.62 -1.082 0
86628 20891.06 975.62 -1.082 0
86641 21903.67 1110.97 -1.082 0
86642 21903.67 1110.97 -1.082 0
86651 22208.27 1132.88 -1.082 0
86652 22422.35 1275.7 -1.082 0
86653 21382.57 1296.17 -1.082 0
86655 21984.41 1338.89 -1.082 0
86656 23817.77 1196.1 -1.082 0
86657 25070.04 1429.78 -1.082 0
86658 25117.83 1338.31 -1.082 0
86665 25117.83 1338.31 -1.082 0
86666 23789.37 1624.93 -1.082 0
86667 23471.55 1694.93 -1.082 0
86668 23223.52 1582.37 -1.082 0
86669 23223.52 1582.37 -1.082 0
86672 21543.57 1314.7 -1.082 0
86673 21543.57 1314.7 -1.082 0
86675 21439.87 1191.8 -1.082 0
86689 21439.87 1191.8 -1.082 0
86690 19611.37 1159.34 -1.082 0
86691 19611.37 1159.34 -1.082 0
86692 19611.37 1159.34 -1.082 0
86693 19611.37 1159.34 -1.082 0
86694 19611.37 1159.34 -1.082 0
86695 19611.37 1159.34 -1.082 0
86696 19611.37 1159.34 -1.082 0
86697 20086.57 1292.1 -1.082 0
86698 19038.16 1323.92 -1.082 0
86699 19059.62 1251.38 -1.082 0
86700 18687.8 1011.86 -1.082 0
86701 18687.8 1011.86 -1.082 0
86703 19214.49 1019.58 -1.082 0
86704 19054.51 843.6 -1.082 0
86705 19092.03 810.2 -1.082 0
86706 19594.4 819.17 -1.082 0
86718 19000.87 1074.27 -1.082 0
86719 19000.87 1074.27 -1.082 0
86720 19424.31 1228.18 -1.082 0
86721 18498.75 1146.73 -1.082 0
86722 19165.0 1051.85 -1.082 0
86723 19155.99 874.56 -1.082 0
86724 20004.19 962.27 -1.082 0
86725 19881.49 998.26 -1.082 0
86726 19561.27 943.14 -1.082 0
86727 20181.71 1131.51 -1.082 0
86729 20181.71 1131.51 -1.082 0
86730 20312.83 1164.63 -1.082 0
86732 20651.85 1286.76 -1.082 0
86733 20715.98 1267.05 -1.082 0
86734 21149.67 1252.41 -1.082 0
86735 21641.9 1348.05 -1.082 0
86736 19987.64 1184.96 -1.082 0
86737 19564.01 1064.04 -1.082 0
86738 19529.93 1161.11 -1.082 0
86739 20109.86 1308.12 -1.082 0
86740 19017.44 1161.32 -1.082 0
86743 19017.44 1161.32 -1.082 0
86744 19253.57 1071.73 -1.082 0
86783 18922.23 984.44 -1.082 0
86785 20210.79 949.31 -1.082 0
86787 20210.79 949.31 -1.082 0
86789 20056.91 1168.46 -1.082 0
86791 20056.91 1168.46 -1.082 0
86831 19823.01 1276.42 -1.082 0
86879 19758.0 1449.65 -1.082 0
86880 19758.0 1449.65 -1.082 0
86881 19758.0 1449.65 -1.082 0
86882 19758.0 1449.65 -1.082 0
86889 18945.07 1308.55 -1.082 0
86931 18945.07 1308.55 -1.082 0
86932 18945.07 1308.55 -1.082 0
86933 18945.07 1308.55 -1.082 0
86973 18356.04 1142.01 -1.082 0
87006 17756.25 1064.59 -1.082 0
87008 17756.25 1064.59 -1.082 0
87009 16476.48 1004.46 -1.082 0
87010 17193.97 1131.57 -1.082 0
87011 17796.79 1145.78 -1.082 0
87012 17834.61 1126.05 -1.082 0
87040 17834.61 1126.05 -1.082 0
87064 17458.12 1029.09 -1.082 0
87065 17458.12 1029.09 -1.082 0
87066 17458.12 1029.09 -1.082 0
87067 17232.12 1070.65 -1.082 0
87069 17232.12 1070.65 -1.082 0
87070 17835.29 1273.46 -1.082 0
87073 17835.29 1273.46 -1.082 0
87074 17271.72 1137.98 -1.082 0
87075 16919.62 987.64 -1.082 0
87076 17373.02 1056.97 -1.082 0
87077 17826.41 1039.95 -1.082 0
87078 17950.29 1019.69 -1.082 0
87079 18074.23 940.09 -1.082 0
87080 18565.83 885.19 -1.082 0
87082 18308.64 908.22 -1.082 0
87084 18308.64 908.22 -1.082 0
87086 19285.8 1060.67 -1.082 0
87088 19285.8 1060.67 -1.082 0
87089 18890.74 1160.95 -1.082 0
87090 19508.06 1216.9 -1.082 0
87094 19508.06 1216.9 -1.082 0
87096 19369.61 1358.22 -1.082 0
87098 19369.61 1358.22 -1.082 0
87099 20185.0 1426.7 -1.082 0
87100 21123.09 1435.97 -1.082 0
87101 20031.67 1298.25 -1.082 0
87102 20881.45 1139.64 -1.082 0
87103 21997.33 1301.04 -1.082 0
87105 21997.33 1301.04 -1.082 0
87106 20388.65 1084.44 -1.082 0
87108 19198.71 803.55 -1.082 0
87109 19622.01 931.93 -1.082 0
87111 19622.01 931.93 -1.082 0
87112 20527.7 1161.58 -1.082 0
87113 20527.7 1161.58 -1.082 0
87114 20244.67 1240.56 -1.082 0
87115 21402.59 1301.75 -1.082 0
87116 20819.21 1257.58 -1.082 0
87117 20156.84 1152.94 -1.082 0
87118 20156.84 1152.94 -1.082 0
87120 20307.23 1396.75 -1.082 0
87121 19633.48 1262.32 -1.082 0
87122 19089.67 1207.98 -1.082 0
87123 19057.27 1116.52 -1.082 0
87124 18923.81 1084.05 -1.082 0
87125 17568.96 949.2 -1.082 0
87126 17750.24 970.46 -1.082 0
87127 17750.24 970.46 -1.082 0
87128 18972.03 1212.94 -1.082 0
87129 18972.03 1212.94 -1.082 0
87130 19391.28 1265.1 -1.082 0
87131 19391.28 1265.1 -1.082 0
87132 18453.87 1174.46 -1.082 0
87133 17106.93 848.37 -1.082 0
87134 17106.93 848.37 -1.082 0
87135 16931.11 678.33 -1.082 0
87136 16997.84 733.67 -1.082 0
87155 16997.84 733.67 -1.082 0
87156 16909.28 789.25 -1.082 0
87182 16909.28 789.25 -1.082 0
87200 20920.84 1366.3 -1.082 0
87202 33080.71 4230.44 -1.082 0
87204 33080.71 4230.44 -1.082 0
87206 33080.71 4230.44 -1.082 0
87208 73227.56 23496.95 -1.082 0
87210 73227.56 23496.95 -1.082 0
87211 173880393088.13 1.141927412838882e+17 -1.082 0
87212 173880393088.13 1.141927412838882e+17 -1.082 0
87213 369654573901.74 7.18410388470553e+17 -1.082 0
87214 369654573901.74 7.18410388470553e+17 -1.082 0
87215 692683109539.54 1.5897437181057964e+18 -1.082 0
87216 166565435297.06 inf -1.082 0
87218 166565435297.06 inf -1.082 0
87219 166565435297.06 inf -1.082 0
87220 1315347143625.89 inf -1.082 0
88000 1315347143625.89 inf -1.082 0
88011 1315347143625.89 inf -1.082 0
88012 997493712764.35 1.9041378981745654e+18 -1.082 0
88013 997493712764.35 1.9041378981745654e+18 -1.082 0
88014 1545534499270.04 inf -1.082 0
88015 1395112642534.52 inf -1.082 0
88016 1395112642534.52 inf -1.082 0
88017 1076668965471.51 inf -1.082 0
88018 939049425159.61 inf -1.082 0
88019 939049425159.61 inf -1.082 0
88020 515653572190.06 inf -1.082 0
88021 342760820776.49 inf -1.082 0
88033 342760820776.49 inf -1.082 0
88034 342760820776.49 inf -1.082 0
88035 374309122565.81 2.7206243247771472e+17 -1.082 0
88036 69667.2 13769.24 -1.082 0
88037 69667.2 13769.24 -1.082 0
88038 38653.98 4054.91 -1.082 0
88039 22346.48 1280.17 -1.082 0
88040 22346.48 1280.17 -1.082 0
88041 19319.52 932.79 -1.082 0
88042 15171.66 539.99 -1.082 0
88043 15171.66 539.99 -1.082 0
88059 14993.94 591.61 -1.082 0
88060 15307.15 654.26 -1.082 0
88062 15307.15 654.26 -1.082 0
88063 15153.45 530.31 -1.082 0
88064 15153.45 530.31 -1.082 0
88065 15336.56 531.58 -1.082 0
88066 15451.55 567.87 -1.082 0
88067 15451.55 567.87 -1.082 0
88068 14648.75 542.0 -1.082 0
88069 14581.24 536.36 -1.082 0
88070 14581.24 536.36 -1.082 0
88085 14148.11 547.45 -1.082 0
88086 14032.71 518.24 -1.082 0
88087 14032.71 518.24 -1.082 0
88089 14032.71 518.24 -1.082 0
88091 13880.14 556.16 -1.082 0
88093 13880.14 556.16 -1.082 0
88094 14179.83 598.88 -1.082 0
88095 14179.83 598.88 -1.082 0
88096 13968.05 613.46 -1.082 0
88097 13968.05 613.46 -1.082 0
88098 14176.63 579.76 -1.082 0
88099 14176.63 579.76 -1.082 0
88100 13861.21 539.64 -1.082 0
88101 13675.89 572.21 -1.082 0
88115 13675.89 572.21 -1.082 0
88116 13848.77 554.84 -1.082 0
88117 13848.77 554.84 -1.082 0
88118 13701.78 543.14 -1.082 0
88119 13777.97 583.78 -1.082 0
88120 13777.97 583.78 -1.082 0
88121 13374.1 584.49 -1.082 0
88122 13269.25 533.7 -1.082 0
88123 13269.25 533.7 -1.082 0
90000 13499.95 551.42 -1.082 0
90001 13499.95 551.42 -1.082 0
90002 13311.0 542.24 -1.082 0
90012 13311.0 542.24 -1.082 0
90013 13358.92 456.03 -1.082 0
90014 13358.92 456.03 -1.082 0
90015 13197.48 418.15 -1.082 0
90016 13372.79 361.54 -1.082 0
90017 13372.79 361.54 -1.082 0
90018 13171.7 407.56 -1.082 0
90019 13127.34 382.49 -1.082 0
90020 13127.34 382.49 -1.082 0
90021 13090.44 372.81 -1.082 0
90022 13270.89 309.32 -1.082 0
90034 13270.89 309.32 -1.082 0
90035 13537.05 299.97 -1.082 0
90036 13537.05 299.97 -1.082 0
90037 13775.31 304.93 -1.082 0
90039 13775.31 304.93 -1.082 0
90041 13775.31 304.93 -1.082 0
90042 13775.31 304.93 -1.082 0
90044 13775.31 304.93 -1.082 0
90045 13613.24 284.82 -1.082 0
90046 13665.24 301.51 -1.082 0
90047 13665.24 301.51 -1.082 0
90048 13821.1 327.88 -1.082 0
90049 13648.36 330.99 -1.082 0
90050 13648.36 330.99 -1.082 0
90051 13679.74 330.81 -1.082 0
90052 13773.56 323.16 -1.082 0
90053 13773.56 323.16 -1.082 0
90054 13696.03 330.66 -1.082 0
90055 13972.49 369.39 -1.082 0
90056 13972.49 369.39 -1.082 0
90057 13879.28 358.08 -1.082 0
90059 13879.28 358.08 -1.082 0
90061 13879.28 358.08 -1.082 0
90062 13553.44 364.87 -1.082 0
90063 13553.44 364.87 -1.082 0
90064 13553.44 364.87 -1.082 0
90065 13635.09 339.47 -1.082 0
90067 13635.09 339.47 -1.082 0
90068 13686.25 344.17 -1.082 0
90070 13686.25 344.17 -1.082 0
90072 13686.25 344.17 -1.082 0
90074 13686.25 344.17 -1.082 0
90075 13736.74 328.93 -1.082 0
90076 13532.15 394.33 -1.082 0
90077 13532.15 394.33 -1.082 0
90078 13413.64 420.63 -1.082 0
90079 13413.64 420.63 -1.082 0
90080 13655.48 412.74 -1.082 0
90081 13363.69 414.44 -1.082 0
90082 13363.69 414.44 -1.082 0
90083 13442.55 422.92 -1.082 0
90084 13441.0 421.9 -1.082 0
90095 13441.0 421.9 -1.082 0
90096 13425.39 379.1 -1.082 0
90098 13425.39 379.1 -1.082 0
90099 13425.39 379.1 -1.082 0
90100 13546.58 357.44 -1.082 0
90101 13546.58 357.44 -1.082 0
90102 13754.01 474.65 -1.082 0
90103 13629.24 464.49 -1.082 0
90104 13629.24 464.49 -1.082 0
90105 13771.98 464.87 -1.082 0
90106 14153.36 473.43 -1.082 0
90108 14153.36 473.43 -1.082 0
90110 14153.36 473.43 -1.082 0
90112 14095.6 439.55 -1.082 0
90114 14095.6 439.55 -1.082 0
90115 14026.35 509.98 -1.082 0
90116 14026.35 509.98 -1.082 0
90117 13888.6 452.12 -1.082 0
90118 13802.08 441.34 -1.082 0
90119 13802.08 441.34 -1.082 0
90120 13627.94 382.25 -1.082 0
90121 13349.52 342.77 -1.082 0
90122 13349.52 342.77 -1.082 0
90123 13111.99 313.96 -1.082 0
90124 13038.06 302.95 -1.082 0
90125 13038.06 302.95 -1.082 0
90126 13499.96 307.83 -1.082 0
90127 13539.87 302.37 -1.082 0
90128 13539.87 302.37 -1.082 0
90129 13544.81 298.54 -1.082 0
90130 13544.81 298.54 -1.082 0
90131 13521.73 298.33 -1.082 0
90132 13521.73 298.33 -1.082 0
90134 13439.65 315.0 -1.082 0
90135 13315.53 312.63 -1.082 0
90136 13315.53 312.63 -1.082 0
90137 13215.74 266.72 -1.082 0
90138 13673.74 250.75 -1.082 0
90139 13673.74 250.75 -1.082 0
90140 13904.84 243.1 -1.082 0
90141 13690.85 193.2 -1.082 0
90142 13690.85 193.2 -1.082 0
90143 13843.17 209.01 -1.082 0
90144 13758.45 218.21 -1.082 0
90146 13758.45 218.21 -1.082 0
90148 13758.45 218.21 -1.082 0
90150 13758.45 218.21 -1.082 0
90151 14177.9 266.23 -1.082 0
90152 14906.7 402.12 -1.082 0
90168 14906.7 402.12 -1.082 0
90169 14919.44 397.9 -1.082 0
90170 14919.44 397.9 -1.082 0
90171 14618.41 375.57 -1.082 0
90172 14669.41 440.08 -1.082 0
90173 14669.41 440.08 -1.082 0
90174 15060.24 493.17 -1.082 0
90175 15293.04 542.77 -1.082 0
90176 15293.04 542.77 -1.082 0
90177 15514.42 577.96 -1.082 0
90178 15410.89 613.33 -1.082 0
90179 15410.89 613.33 -1.082 0
90180 15305.29 541.96 -1.082 0
90181 15082.73 484.33 -1.082 0
90182 15082.73 484.33 -1.082 0
90183 14883.15 486.86 -1.082 0
90184 15314.56 456.52 -1.082 0
90185 15314.56 456.52 -1.082 0
90186 14916.61 370.12 -1.082 0
90187 14951.22 356.32 -1.082 0
90188 14951.22 356.32 -1.082 0
90190 14920.53 362.08 -1.082 0
90191 14722.75 383.68 -1.082 0
90192 14722.75 383.68 -1.082 0
90194 14695.65 400.95 -1.082 0
90195 14673.64 357.49 -1.082 0
90196 14673.64 357.49 -1.082 0
90197 14740.4 365.53 -1.082 0
90198 14126.3 283.55 -1.082 0
90200 14126.3 283.55 -1.082 0
90201 13866.36 286.62 -1.082 0
90205 13866.36 286.62 -1.082 0
90206 13863.19 247.43 -1.082 0
90214 13863.19 247.43 -1.082 0
90215 13905.96 281.68 -1.082 0
90224 13905.96 281.68 -1.082 0
90225 13882.7 307.4 -1.082 0
90226 13882.7 307.4 -1.082 0
90227 13988.25 288.99 -1.082 0
90228 14036.38 369.35 -1.082 0
90229 14036.38 369.35 -1.082 0
90267 13891.94 397.51 -1.082 0
90268 14329.62 403.47 -1.082 0
90304 14329.62 403.47 -1.082 0
90305 14515.38 408.54 -1.082 0
90363 14515.38 408.54 -1.082 0
90364 14094.65 392.28 -1.082 0
90377 14094.65 392.28 -1.082 0
90378 14442.0 366.94 -1.082 0
90380 14442.0 366.94 -1.082 0
90381 14336.21 349.34 -1.082 0
90383 14336.21 349.34 -1.082 0
90386 14336.21 349.34 -1.082 0
90388 14336.21 349.34 -1.082 0
90389 14520.39 388.93 -1.082 0
90391 14520.39 388.93 -1.082 0
90393 14520.39 388.93 -1.082 0
90394 14396.94 402.0 -1.082 0
90395 14396.94 402.0 -1.082 0
90397 14710.64 377.93 -1.082 0
90399 14710.64 377.93 -1.082 0
90400 14745.37 407.43 -1.082 0
90402 14745.37 407.43 -1.082 0
90404 14745.37 407.43 -1.082 0
90406 14745.37 407.43 -1.082 0
90408 14745.37 407.43 -1.082 0
90409 14561.09 375.62 -1.082 0
90411 14561.09 375.62 -1.082 0
90413 14561.09 375.62 -1.082 0
90415 14561.09 375.62 -1.082 0
90417 14561.09 375.62 -1.082 0
90419 14561.09 375.62 -1.082 0
90421 14561.09 375.62 -1.082 0
90423 14561.09 375.62 -1.082 0
90425 14561.09 375.62 -1.082 0
90426 14605.83 333.55 -1.082 0
90428 14605.83 333.55 -1.082 0
90430 14605.83 333.55 -1.082 0
90432 14605.83 333.55 -1.082 0
90434 14605.83 333.55 -1.082 0
90436 14605.83 333.55 -1.082 0
90438 14605.83 333.55 -1.082 0
90440 14605.83 333.55 -1.082 0
90442 14605.83 333.55 -1.082 0
90444 14605.83 333.55 -1.082 0
90446 14605.83 333.55 -1.082 0
90447 14591.33 336.33 -1.082 0
90448 14237.22 352.31 -1.082 0
90449 14237.22 352.31 -1.082 0
90450 14004.1 318.18 -1.082 0
90451 13938.53 265.96 -1.082 0
90452 13938.53 265.96 -1.082 0
90453 13815.73 261.63 -1.082 0
90455 13815.73 261.63 -1.082 0
90457 13815.73 261.63 -1.082 0
90459 13815.73 261.63 -1.082 0
90461 13815.73 261.63 -1.082 0
90463 13815.73 261.63 -1.082 0
90465 13815.73 261.63 -1.082 0
90467 13815.73 261.63 -1.082 0
90469 13815.73 261.63 -1.082 0
90471 13815.73 261.63 -1.082 0
90473 13815.73 261.63 -1.082 0
90475 13815.73 261.63 -1.082 0
90477 13815.73 261.63 -1.082 0
90478 13796.86 271.28 -1.082 0
90481 13796.86 271.28 -1.082 0
90482 14150.81 331.32 -1.082 0
90483 14150.81 331.32 -1.082 0
90484 13800.87 339.77 -1.082 0
90485 14481.29 368.85 -1.082 0
90486 14481.29 368.85 -1.082 0
90487 14680.9 486.22 -1.082 0
