82907 1268082.26 970893893.94 -0.4 0.60916
82909 1268082.26 1048504513.68 -0.4 0.65786
82910 1268082.26 935656538.19 -0.4 0.58705
82911 1268082.26 770944620.39 -0.4 0.48371
82912 845387.76 264969122.38 -0.4 0.37406
82914 634040.51 97999324.92 -0.4 0.24595
82915 7033636462.69 0.0 -0.42874 0.05299
85001 7033636462.69 0.0 -0.42874 0.05299
85005 7033636462.69 0.0 -0.42874 0.05299
85007 17753169292.34 0.0 -0.56951 0.04308
85009 111246429022.44 0.0 -0.71766 0.02976
85011 41775743257.71 0.0 -0.85868 0.02067
85013 39848256130.91 0.0 -0.92961 0.01449
85015 109210732919.25 0.0 -1.0027 0.00972
85038 102163566269.47 0.0 -1.02702 0.00773
85039 26849554501.19 0.0 -1.03251 0.00639
85041 26849554501.19 0.0 -1.03251 0.00639
85046 26849554501.19 0.0 -1.03251 0.00639
85065 25212868796.2 0.0 -1.03804 0.00576
85067 120000.99 240564.56 -1.04089 0.01685
85069 78575.14 100487.34 -1.04933 0.01642
85071 21876.11 8945.87 -1.02529 0.01886
85073 16901.66 5113.66 -1.02627 0.01806
85075 16901.66 5113.66 -1.02627 0.01806
85076 17007.47 4938.18 -1.03275 0.01722
85078 17007.47 4938.18 -1.03275 0.01722
85080 17007.47 4938.18 -1.03275 0.01722
85082 18823.83 6078.66 -1.04119 0.01731
85086 18823.83 6078.66 -1.04119 0.01731
85087 18823.83 6078.66 -1.04119 0.01731
85105 17617.19 5083.95 -1.04169 0.01653
85106 16845.74 4901.07 -1.04235 0.01742
85108 18481.65 5589.02 -1.04732 0.01651
85109 20451.8 6632.7 -1.05043 0.016
85110 17714.75 5048.44 -1.04501 0.01623
85111 14868.41 3740.48 -1.03819 0.01707
85112 13645.03 2712.59 -1.03905 0.0147
85118 13645.03 2712.59 -1.03905 0.0147
85120 13086.25 2543.42 -1.0413 0.01498
85138 13086.25 2543.42 -1.0413 0.01498
85139 13595.0 3125.51 -1.04796 0.01706
85140 13610.96 3183.56 -1.05114 0.01734
85141 15668.46 4008.99 -1.06347 0.01648
85142 20300.52 6324.34 -1.07826 0.01548
85143 21883.26 7229.99 -1.08159 0.01523
85147 25592.68 9249.69 -1.08894 0.01425
85165 21330.34 5666.7 -1.08326 0.01257
85166 18536.92 3715.66 -1.07561 0.01091
85167 20367.28 4222.95 -1.08398 0.01027
85169 20367.28 4222.95 -1.08398 0.01027
85170 23088.95 5581.64 -1.09127 0.01056
85171 25246.03 5578.6 -1.09457 0.00883
85172 29873.57 7105.25 -1.10139 0.00803
85176 28156.55 5519.57 -1.0983 0.00702
85193 34512.08 8477.88 -1.1005 0.00718
85194 34550.38 8093.82 -1.09945 0.00684
85195 31438.37 8872.97 -1.09631 0.00906
85196 37460.98 12375.43 -1.10072 0.0089
85197 30314.48 8863.37 -1.09445 0.00973
85198 31720.75 10422.21 -1.09804 0.01045
85200 31720.75 10422.21 -1.09804 0.01045
85201 21735.05 4516.1 -1.08498 0.00964
85208 21735.05 4516.1 -1.08498 0.00964
85218 19205.91 3308.98 -1.08116 0.00905
85220 19205.91 3308.98 -1.08116 0.00905
85221 17713.52 3137.44 -1.07813 0.01009
85222 17136.98 2761.08 -1.07699 0.00949
85223 17798.32 2810.92 -1.07817 0.00895
85224 14684.17 2105.17 -1.06599 0.00985
85225 13145.22 1731.75 -1.06134 0.01011
85226 13168.54 1860.01 -1.06144 0.01082
85234 13168.54 1860.01 -1.06144 0.01082
85235 14624.43 2758.43 -1.07083 0.01301
85239 14624.43 2758.43 -1.07083 0.01301
85240 12849.15 2157.7 -1.06416 0.01319
85241 14447.48 2636.39 -1.07037 0.01274
85242 15210.02 2816.47 -1.07481 0.01228
85243 15309.02 2622.28 -1.07331 0.01129
85244 15309.02 2622.28 -1.07331 0.01129
85245 15506.75 2608.06 -1.07542 0.01094
85253 14505.8 2138.05 -1.06972 0.01025
85254 17153.76 2964.37 -1.07902 0.01016
85258 17153.76 2964.37 -1.07902 0.01016
85259 17298.62 2636.77 -1.0804 0.00889
85261 20420.67 3272.32 -1.08706 0.00792
85266 20420.67 3272.32 -1.08706 0.00792
85267 23006.13 3991.88 -1.09182 0.00761
85268 21686.67 3749.9 -1.09022 0.00804
85270 23449.16 3826.13 -1.09363 0.00702
85278 22611.98 3472.35 -1.09213 0.00685
85279 22222.99 3361.26 -1.08919 0.00687
85280 19299.81 3426.02 -1.08158 0.00928
85281 21742.6 5107.9 -1.08712 0.0109
85282 17468.52 3294.64 -1.07638 0.01089
85284 18826.82 3723.49 -1.08056 0.0106
85286 18826.82 3723.49 -1.08056 0.0106
85287 18030.13 3747.61 -1.08049 0.01163
85289 19883.38 4763.34 -1.08413 0.01216
85290 22872.24 6463.91 -1.08656 0.01247
85291 22812.58 5584.53 -1.08508 0.01083
85292 23636.71 6199.94 -1.08365 0.0112
85293 23636.71 6199.94 -1.08365 0.0112
85294 20726.14 4827.89 -1.0789 0.01134
85295 17032.98 3257.72 -1.06947 0.01133
85296 16557.83 3020.1 -1.06443 0.01111
85297 17979.84 3655.62 -1.07014 0.01141
85305 17979.84 3655.62 -1.07014 0.01141
85307 19150.11 4379.87 -1.07083 0.01205
85309 19150.11 4379.87 -1.07083 0.01205
85310 17413.48 3608.85 -1.06917 0.01201
85311 20292.0 4660.87 -1.07856 0.01142
85312 17756.99 3702.42 -1.06981 0.01185
85313 19065.3 4462.26 -1.07599 0.01239
85314 21712.19 5676.13 -1.08038 0.01215
85315 21551.75 5645.78 -1.07839 0.01226
85316 21551.75 5645.78 -1.07839 0.01226
85317 20396.74 4600.74 -1.07493 0.01116
85318 20396.74 4600.74 -1.07493 0.01116
85319 18096.0 4068.13 -1.07131 0.01253
85320 18317.39 4395.4 -1.07453 0.01322
85321 18317.39 4395.4 -1.07453 0.01322
85322 20697.27 5887.32 -1.08256 0.01387
85323 23800.96 7836.58 -1.08756 0.01396
85324 33753.16 16987.92 -1.0985 0.01504
85327 33753.16 16987.92 -1.0985 0.01504
85329 33753.16 16987.92 -1.0985 0.01504
85331 33221.87 17420.83 -1.09944 0.01592
85333 44065.09 27262.14 -1.10413 0.01417
85334 34813.17 14447.05 -1.10267 0.01203
85342 34813.17 14447.05 -1.10267 0.01203
85344 42079.32 19388.85 -1.10591 0.01105
85346 42079.32 19388.85 -1.10591 0.01105
85348 42079.32 19388.85 -1.10591 0.01105
85350 42079.32 19388.85 -1.10591 0.01105
85351 36067.99 11829.08 -1.10004 0.00917
85352 39992.12 13360.39 -1.10526 0.00843
85354 38013.25 11511.76 -1.1006 0.00804
85355 32063.35 8260.36 -1.09865 0.00811
85357 32063.35 8260.36 -1.09865 0.00811
85365 32063.35 8260.36 -1.09865 0.00811
85366 32842.23 10088.73 -1.10097 0.00944
85368 32842.23 10088.73 -1.10097 0.00944
85370 32842.23 10088.73 -1.10097 0.00944
85372 27808.02 7278.21 -1.09762 0.0095
85373 27808.02 7278.21 -1.09762 0.0095
85374 23293.67 5729.49 -1.0942 0.01065
85375 21871.49 5293.7 -1.09084 0.01116
85376 18041.38 3805.06 -1.08121 0.01179
85378 18121.26 3862.6 -1.0809 0.01187
85380 18121.26 3862.6 -1.0809 0.01187
85382 18121.26 3862.6 -1.0809 0.01187
85392 17476.91 3880.13 -1.08118 0.01282
85393 18495.03 4304.17 -1.0841 0.0127
85401 16650.16 3210.96 -1.0814 0.01169
85402 17545.4 3944.9 -1.07906 0.01293
85403 17911.3 4724.54 -1.07771 0.01486
85404 16805.79 3991.28 -1.07357 0.01426
85405 16946.47 4020.38 -1.07251 0.01412
85406 16635.9 3800.74 -1.07326 0.01386
85407 14828.89 3301.2 -1.06395 0.01515
85412 14828.89 3301.2 -1.06395 0.01515
85414 14827.12 3056.23 -1.06247 0.01403
85415 15465.3 3255.04 -1.06475 0.01373
85423 15465.3 3255.04 -1.06475 0.01373
85425 17734.39 4323.64 -1.07298 0.01387
85427 17734.39 4323.64 -1.07298 0.01387
85428 19119.65 4559.65 -1.07769 0.01258
85429 19214.83 4212.47 -1.07934 0.01151
85431 19214.83 4212.47 -1.07934 0.01151
85433 19214.83 4212.47 -1.07934 0.01151
85441 18815.77 4377.55 -1.07861 0.01248
85442 18788.14 4237.3 -1.07628 0.01211
85443 18443.76 4224.62 -1.07673 0.01253
85444 16796.76 3109.24 -1.0707 0.01112
85445 19277.07 4108.38 -1.07503 0.01115
85446 18491.93 4794.94 -1.07618 0.01415
85447 19492.09 4997.8 -1.07945 0.01327
85448 17966.94 3975.47 -1.07495 0.01243
85450 19694.17 4251.98 -1.07949 0.01106
85451 22781.95 6639.17 -1.08517 0.01291
85452 19656.87 4111.72 -1.0788 0.01074
85453 19656.87 4111.72 -1.0788 0.01074
85454 19656.87 4111.72 -1.0788 0.01074
85455 19656.87 4111.72 -1.0788 0.01074
85456 19582.54 4445.05 -1.07686 0.01169
85457 17472.18 3529.46 -1.06975 0.01166
85458 15219.59 2529.83 -1.05991 0.01102
85459 14501.72 2106.78 -1.05537 0.01011
85461 14501.72 2106.78 -1.05537 0.01011
85463 14291.62 1959.31 -1.05522 0.00968
85465 14291.62 1959.31 -1.05522 0.00968
85466 13852.43 2055.08 -1.05413 0.01081
85467 14211.13 2079.61 -1.05361 0.01039
85468 15318.7 2370.1 -1.05777 0.01019
85469 13959.05 1750.52 -1.05792 0.00906
85471 13666.75 1549.54 -1.05413 0.00837
85472 15385.92 1899.79 -1.06069 0.0081
85486 15385.92 1899.79 -1.06069 0.0081
85487 15594.93 2188.37 -1.06122 0.00908
85488 16078.5 2446.96 -1.064 0.00955
85489 16078.5 2446.96 -1.064 0.00955
85490 13722.72 1874.81 -1.05455 0.01004
85492 13722.72 1874.81 -1.05455 0.01004
85493 15547.72 2396.49 -1.06249 0.01
85494 14891.48 2064.93 -1.05992 0.00939
85495 14308.04 1665.84 -1.05874 0.00821
85496 14284.98 1806.44 -1.05833 0.00893
85498 14284.98 1806.44 -1.05833 0.00893
85500 14284.98 1806.44 -1.05833 0.00893
85501 15704.28 2053.38 -1.0607 0.0084
85502 14096.68 1334.42 -1.05094 0.00678
85504 14979.11 1729.52 -1.05426 0.00778
85505 14940.06 2097.57 -1.05445 0.00948
85506 14443.85 2140.05 -1.0521 0.01035
85507 14563.63 2095.81 -1.0509 0.00997
85508 14587.37 2103.17 -1.05233 0.00997
85518 14587.37 2103.17 -1.05233 0.00997
85519 13194.19 1578.16 -1.04719 0.00915
85520 14271.07 2126.54 -1.05231 0.01053
85521 14786.02 2515.13 -1.04989 0.01161
85522 16686.48 3020.25 -1.05632 0.01094
85523 15444.11 2602.63 -1.05278 0.01101
85525 15598.31 2840.18 -1.05301 0.01178
85526 16653.08 3159.67 -1.0542 0.01149
85527 17195.72 3609.98 -1.05702 0.01232
85528 17336.23 3877.89 -1.05868 0.01302
85529 21110.41 5476.23 -1.06939 0.0124
85530 19273.83 4207.04 -1.06557 0.01143
85531 19093.28 4216.77 -1.06672 0.01167
85532 18311.42 4067.99 -1.06635 0.01224
85533 17235.54 3337.68 -1.06505 0.01134
85534 17944.09 3619.21 -1.06734 0.01134
85535 17969.05 3755.53 -1.06655 0.01173
85536 19012.54 4582.82 -1.0701 0.01279
85537 16514.26 3182.13 -1.06562 0.01177
85538 15778.19 3024.81 -1.0653 0.01226
85539 16511.49 3404.48 -1.06688 0.0126
85540 16781.33 3748.23 -1.06967 0.01343
85550 16781.33 3748.23 -1.06967 0.01343
85551 18494.33 4830.28 -1.07569 0.01425
85552 19486.31 5094.13 -1.07554 0.01354
85553 19387.54 4949.46 -1.07761 0.01329
85554 17965.22 4054.76 -1.0739 0.01268
85555 18445.29 4678.83 -1.07547 0.01387
85556 20602.93 5523.55 -1.07935 0.01313
85557 20820.76 6000.82 -1.07864 0.01397
85558 21362.08 6578.96 -1.0801 0.01455
85559 20382.72 5014.53 -1.07745 0.01218
85561 20390.99 5839.77 -1.07662 0.01417
85562 19441.94 5796.52 -1.07492 0.01547
85563 20850.04 6502.51 -1.07924 0.01509
85576 23173.03 8131.5 -1.0834 0.01528
85590 22670.32 8026.05 -1.082 0.01576
85605 25697.85 10474.13 -1.08523 0.016
85619 18636.21 5351.56 -1.06984 0.01555
85632 18238.67 4881.32 -1.07267 0.0148
85633 16435.87 3954.7 -1.06533 0.01477
85634 17713.6 5084.45 -1.0705 0.01635
85673 17538.53 4584.15 -1.069 0.01504
85674 15977.06 3931.03 -1.06608 0.01554
85675 17581.29 4345.34 -1.0687 0.01418
85684 17036.14 3689.16 -1.06682 0.01282
85686 16807.86 3145.87 -1.06442 0.01123
85687 16490.81 2738.36 -1.06484 0.01016
85688 15747.78 2607.69 -1.06399 0.01061
85689 15610.59 2354.24 -1.06261 0.00975
85690 14687.9 1906.26 -1.05753 0.00891
85696 14687.9 1906.26 -1.05753 0.00891
85697 14734.09 2035.7 -1.05853 0.00946
85699 14734.09 2035.7 -1.05853 0.00946
85700 12771.33 1738.84 -1.04802 0.01076
85708 15196.4 2490.12 -1.06032 0.01088
85709 15196.4 2490.12 -1.06032 0.01088
85710 16672.2 3097.91 -1.06431 0.01124
85712 16545.21 3142.26 -1.06557 0.01158
85713 14662.16 2354.38 -1.05812 0.01105
85715 15062.0 2584.63 -1.05986 0.01149
85717 15062.0 2584.63 -1.05986 0.01149
85718 15062.0 2584.63 -1.05986 0.01149
85720 15211.78 2483.85 -1.05656 0.01083
85721 14330.15 2247.59 -1.05154 0.01104
85722 14257.77 2212.06 -1.05035 0.01098
85736 14257.77 2212.06 -1.05035 0.01098
85737 15692.98 2841.03 -1.05821 0.01164
85738 15454.2 2620.99 -1.05786 0.01107
85740 13946.02 2354.52 -1.04965 0.01221
85742 13946.02 2354.52 -1.04965 0.01221
85744 13946.02 2354.52 -1.04965 0.01221
85745 13946.02 2354.52 -1.04965 0.01221
85747 14566.21 2349.59 -1.05573 0.01117
85749 14566.21 2349.59 -1.05573 0.01117
85750 14282.83 1976.52 -1.05476 0.00978
85751 14234.82 1936.44 -1.05153 0.00964
85752 14574.6 2274.68 -1.05271 0.0108
85753 14772.2 2183.98 -1.05474 0.0101
85754 15258.46 2259.23 -1.05694 0.00979
85755 14576.0 2290.8 -1.05095 0.01088
85756 15674.92 2459.88 -1.05437 0.0101
85757 16574.46 2741.29 -1.05933 0.01007
85758 16047.62 2678.07 -1.05911 0.01049
85759 15212.02 2264.37 -1.05563 0.00987
85760 15368.21 2366.48 -1.05623 0.01011
85761 15250.88 2346.16 -1.05347 0.01018
85763 14941.03 1984.36 -1.05275 0.00897
85765 14941.03 1984.36 -1.05275 0.00897
85766 16922.14 2626.34 -1.06144 0.00925
85767 16539.53 3151.23 -1.05789 0.01162
85775 17828.41 3243.33 -1.06116 0.01029
85776 16631.3 2571.7 -1.06066 0.00938
85777 19039.02 3717.15 -1.071 0.01035
85778 18203.88 3177.71 -1.068 0.00967
85779 19461.15 4214.36 -1.07146 0.01123
85780 21804.94 5790.88 -1.0783 0.01229
85781 20190.52 4355.33 -1.07507 0.01078
85782 21536.97 4411.47 -1.07743 0.0096
85783 23826.41 4749.05 -1.08183 0.00844
85784 25797.99 6038.23 -1.08753 0.00915
85785 32199.95 10022.82 -1.09568 0.00975
85786 26285.69 6868.08 -1.09137 0.01003
85787 34912.34 12730.32 -1.09769 0.01054
85788 34912.34 12730.32 -1.09769 0.01054
85789 39111.08 15861.83 -1.09987 0.01046
85790 52749.53 26937.19 -1.10612 0.00977
85791 47672.43 23776.77 -1.10669 0.01056
85792 47672.43 23776.77 -1.10669 0.01056
85793 71613.77 47034.17 -1.11148 0.00925
85794 75372.82 40639.96 -1.11046 0.00722
85795 84348.81 45385.38 -1.11316 0.00644
85796 58538.47 24610.28 -1.10797 0.00725
85797 70499.69 40252.75 -1.11237 0.00817
85799 55744.66 27223.71 -1.10863 0.00884
85800 35803.71 10916.48 -1.10005 0.00859
85801 39273.68 12697.75 -1.09991 0.00831
85802 35443.53 12320.82 -1.09898 0.0099
85803 26580.09 6713.49 -1.09036 0.00959
85804 26565.87 7999.95 -1.08889 0.01144
85805 23307.87 6581.99 -1.08464 0.01222
85806 19780.07 4739.21 -1.07615 0.01222
85807 16179.47 3274.32 -1.06651 0.01262
85808 17127.25 3691.35 -1.06778 0.0127
85809 15828.42 2739.68 -1.06605 0.01103
85810 16362.6 3208.42 -1.0678 0.01209
85811 16359.16 3498.47 -1.06794 0.01319
85812 16226.52 2926.0 -1.06708 0.01121
85814 15924.25 2659.73 -1.06643 0.01058
85815 19876.36 3585.77 -1.0779 0.00916
85816 21824.62 4321.0 -1.0803 0.00915
85817 18257.38 3149.85 -1.07478 0.00953
85818 20069.99 4124.96 -1.079 0.01033
85819 21425.22 4877.85 -1.07865 0.01072
85820 19147.26 4049.74 -1.07232 0.01114
85834 19147.26 4049.74 -1.07232 0.01114
85835 19147.26 4049.74 -1.07232 0.01114
85836 19056.44 3819.1 -1.07046 0.01061
85837 22080.0 4948.29 -1.07995 0.01024
85838 21833.34 5356.53 -1.08054 0.01134
85839 21369.59 5917.59 -1.07935 0.01307
85840 22927.5 6143.84 -1.08157 0.01179
85841 21339.98 5131.39 -1.08002 0.01137
85842 20766.78 5179.19 -1.07766 0.01212
85844 20766.78 5179.19 -1.07766 0.01212
85846 20766.78 5179.19 -1.07766 0.01212
85847 18140.24 4100.99 -1.07327 0.01257
85848 17996.61 3998.83 -1.07104 0.01246
85849 14982.06 2818.04 -1.06251 0.01267
85850 13533.2 2303.14 -1.05511 0.01269
85851 14636.5 2444.62 -1.06029 0.01151
85852 15083.32 2353.48 -1.0605 0.01044
85853 15204.86 2321.06 -1.0647 0.01013
85854 17189.31 2506.4 -1.07234 0.00856
85856 17189.31 2506.4 -1.07234 0.00856
85857 16249.47 1922.95 -1.07105 0.00735
85858 14627.77 1867.1 -1.06292 0.0088
85859 16940.88 2648.19 -1.06973 0.00931
85860 17757.34 2998.03 -1.07243 0.00959
85861 16172.42 2254.81 -1.06599 0.0087
85862 15092.56 1789.08 -1.06039 0.00792
85864 14810.69 1946.69 -1.06049 0.00895
85865 17979.46 3258.22 -1.07062 0.01017
85866 17979.46 3258.22 -1.07062 0.01017
85867 16849.32 3299.33 -1.06612 0.01173
85868 18906.4 4599.83 -1.07201 0.01298
85869 19775.33 5036.1 -1.07474 0.01299
85883 18345.28 5232.49 -1.06992 0.01569
85885 18157.55 4799.02 -1.06998 0.01469
85887 18448.11 4932.75 -1.07073 0.01462
85889 18448.11 4932.75 -1.07073 0.01462
85891 18448.11 4932.75 -1.07073 0.01462
85893 19994.25 5860.9 -1.07673 0.01479
85894 21562.28 7015.22 -1.08152 0.01522
85895 21562.28 7015.22 -1.08152 0.01522
85896 22363.68 7745.57 -1.08313 0.01563
85897 21207.6 7035.56 -1.07968 0.01578
85898 21207.6 7035.56 -1.07968 0.01578
85899 22540.49 7105.54 -1.08239 0.01411
85900 24541.37 8198.65 -1.08685 0.01373
85901 31007.37 13316.74 -1.09649 0.01397
85902 34168.0 14383.85 -1.09831 0.01243
85903 27302.26 9067.06 -1.09045 0.01227
85904 25266.52 7685.78 -1.09053 0.01215
85905 25025.79 7204.78 -1.08936 0.01161
85906 24738.41 7377.61 -1.0888 0.01216
85907 25719.1 7285.83 -1.0903 0.01111
85908 22200.32 5259.89 -1.084 0.01077
85909 22026.1 5525.66 -1.08247 0.01149
85910 21665.23 5428.34 -1.08253 0.01167
85911 22986.6 5343.62 -1.08325 0.0102
85912 22986.6 5343.62 -1.08325 0.0102
85914 26462.38 6487.79 -1.09044 0.00935
85936 26462.38 6487.79 -1.09044 0.00935
85937 25673.73 6478.08 -1.08874 0.00992
85939 25673.73 6478.08 -1.08874 0.00992
85941 25673.73 6478.08 -1.08874 0.00992
85943 23035.09 5022.95 -1.08549 0.00955
85944 26002.25 6254.86 -1.08893 0.00933
85945 23575.67 5104.37 -1.08308 0.00927
85946 22456.65 5091.62 -1.08134 0.01019
85947 22286.43 5432.48 -1.08268 0.01104
85948 27661.2 7670.61 -1.08935 0.01011
85949 28303.47 9108.66 -1.09182 0.01147
85951 28303.47 9108.66 -1.09182 0.01147
85952 29870.35 10691.08 -1.09466 0.01209
85953 32210.41 11698.91 -1.09658 0.01138
85954 32210.41 11698.91 -1.09658 0.01138
85955 32210.41 11698.91 -1.09658 0.01138
85956 32122.39 12393.85 -1.09838 0.01212
85957 32122.39 12393.85 -1.09838 0.01212
85958 26401.07 7579.48 -1.09087 0.01097
85959 23405.17 6168.33 -1.08452 0.01136
85960 19446.99 3904.17 -1.07707 0.01042
85961 19446.99 3904.17 -1.07707 0.01042
85962 19446.99 3904.17 -1.07707 0.01042
85963 19446.99 3904.17 -1.07707 0.01042
85964 19446.99 3904.17 -1.07707 0.01042
85965 19446.99 3904.17 -1.07707 0.01042
85966 19446.99 3904.17 -1.07707 0.01042
85967 17641.97 3526.16 -1.07088 0.01143
85968 14803.43 2215.54 -1.06175 0.0102
85969 14803.43 2215.54 -1.06175 0.0102
85970 14803.43 2215.54 -1.06175 0.0102
85972 14774.24 2058.27 -1.0615 0.00951
85974 14774.24 2058.27 -1.0615 0.00951
85975 15727.4 2510.88 -1.06586 0.01024
85977 15727.4 2510.88 -1.06586 0.01024
85982 15727.4 2510.88 -1.06586 0.01024
85983 17575.29 3038.44 -1.07175 0.00992
85984 20295.42 4544.82 -1.07923 0.01113
85985 20466.47 4756.8 -1.0792 0.01146
85986 18972.55 4179.74 -1.07641 0.01172
85987 18206.78 3291.45 -1.07322 0.01002
85988 19130.22 3683.14 -1.07578 0.01015
85989 19326.07 4810.07 -1.07685 0.01299
85990 21673.32 6001.6 -1.08046 0.01289
85991 18340.8 4056.32 -1.07293 0.01217
86000 15742.28 2869.84 -1.06465 0.01168
86001 16382.39 2887.71 -1.06825 0.01086
86016 17109.05 3209.47 -1.06987 0.01106
86017 19394.57 3707.54 -1.07742 0.00994
86019 19394.57 3707.54 -1.07742 0.00994
86020 19394.57 3707.54 -1.07742 0.00994
86044 19600.11 3458.86 -1.08072 0.00908
86045 18509.13 3953.0 -1.07833 0.01164
86046 15481.37 3134.66 -1.07054 0.0132
86048 14197.77 2839.95 -1.06541 0.01421
86050 13012.74 2553.48 -1.05769 0.01521
86051 13757.79 2462.1 -1.05989 0.01312
86053 13757.79 2462.1 -1.05989 0.01312
86054 13442.12 2431.3 -1.05735 0.01358
86055 12245.78 2209.06 -1.05131 0.01486
86056 11664.71 2065.55 -1.05066 0.01532
86058 12642.55 2542.24 -1.05463 0.01605
86059 12879.74 2422.81 -1.05539 0.01474
86060 12890.59 2313.74 -1.05428 0.01405
86061 12231.29 2160.17 -1.04877 0.01457
86062 11951.06 2004.59 -1.04645 0.01416
86063 11883.56 1854.67 -1.04641 0.01325
86064 11218.56 1286.28 -1.04316 0.01031
86065 11218.56 1286.28 -1.04316 0.01031
86066 11814.44 1578.17 -1.04638 0.01141
86068 11814.44 1578.17 -1.04638 0.01141
86071 10768.72 1285.6 -1.0357 0.01118
86072 10955.23 1235.68 -1.0382 0.01039
86073 12063.83 1382.28 -1.04675 0.00958
86074 12798.26 1305.34 -1.05222 0.00804
86075 12747.77 1079.53 -1.05137 0.0067
86080 13543.45 1295.47 -1.0553 0.00713
86081 14905.91 1386.72 -1.05919 0.0063
86082 16665.81 1993.73 -1.06968 0.00724
86098 16665.81 1993.73 -1.06968 0.00724
86100 16668.37 2399.17 -1.07017 0.00871
86101 20759.76 3673.32 -1.08309 0.0086
86102 24494.59 5898.32 -1.09153 0.00992
86103 26880.26 7268.57 -1.09629 0.01015
86104 26880.26 7268.57 -1.09629 0.01015
86105 28254.47 7940.65 -1.09549 0.01004
86106 23179.83 5649.83 -1.08363 0.01061
86109 23179.83 5649.83 -1.08363 0.01061
86122 28346.65 9368.63 -1.09159 0.01176
86124 28346.65 9368.63 -1.09159 0.01176
86133 28346.65 9368.63 -1.09159 0.01176
86148 25304.29 8396.76 -1.08803 0.01323
86149 20526.84 5393.12 -1.07828 0.01291
86150 20526.84 5393.12 -1.07828 0.01291
86152 20526.84 5393.12 -1.07828 0.01291
86163 18652.21 4875.24 -1.07387 0.01414
86165 17957.63 4383.36 -1.07571 0.01371
86166 17045.44 3289.07 -1.07302 0.01142
86167 15745.11 2714.12 -1.06913 0.01105
86168 15108.45 2435.81 -1.06594 0.01077
86169 16088.85 2792.21 -1.06996 0.01088
86171 16088.85 2792.21 -1.06996 0.01088
86172 16032.72 2855.51 -1.07235 0.01121
86174 16032.72 2855.51 -1.07235 0.01121
86175 16626.46 3321.99 -1.0733 0.01212
86176 16839.81 3041.49 -1.07345 0.01082
86177 16709.95 2827.36 -1.0728 0.01022
86178 19049.39 3734.4 -1.0824 0.01038
86179 18887.75 4209.07 -1.08488 0.0119
86180 17133.68 3230.9 -1.07796 0.0111
86181 17623.7 3374.2 -1.07736 0.01096
86182 16844.39 3165.68 -1.07624 0.01126
86183 15819.12 2750.07 -1.07527 0.01109
86198 17561.77 3733.37 -1.07921 0.01221
86208 16218.28 2866.87 -1.0761 0.011
86222 16974.67 2699.71 -1.07926 0.00945
86236 16300.74 3250.8 -1.07663 0.01234
86239 16300.74 3250.8 -1.07663 0.01234
86240 16300.74 3250.8 -1.07663 0.01234
86242 14430.68 2921.63 -1.06806 0.01415
86243 15549.16 3788.59 -1.06942 0.01581
86244 15549.16 3788.59 -1.06942 0.01581
86245 15549.16 3788.59 -1.06942 0.01581
86246 14872.17 3331.59 -1.06822 0.0152
86247 16632.37 4469.98 -1.07512 0.0163
86248 14492.73 3017.3 -1.06529 0.01449
86249 14079.89 2611.08 -1.06063 0.01329
86250 14143.82 2644.08 -1.06125 0.01334
86257 16198.82 3105.32 -1.07256 0.01194
86258 15784.93 3221.25 -1.07158 0.01304
86259 16748.65 4218.08 -1.07492 0.01517
86260 16037.91 3563.27 -1.0701 0.01398
86261 14968.35 3467.76 -1.06422 0.01562
86263 17237.33 4748.18 -1.06811 0.01612
86264 15574.45 3963.06 -1.06087 0.01648
86265 14708.82 3410.73 -1.05543 0.01591
86266 15343.73 3262.33 -1.05927 0.01398
86267 13778.92 2109.95 -1.05426 0.01121
86270 13778.92 2109.95 -1.05426 0.01121
86271 14638.33 2151.69 -1.05566 0.01013
86272 12434.92 1411.41 -1.04474 0.00921
86273 12434.92 1411.41 -1.04474 0.00921
86274 12305.26 1191.83 -1.04324 0.00794
86275 11985.23 1233.32 -1.04383 0.00866
86276 12109.4 1360.94 -1.04555 0.00936
86277 10703.61 1059.54 -1.03538 0.00933
86278 10785.14 1005.93 -1.03648 0.00873
86279 10715.55 1059.65 -1.03504 0.00931
86280 10663.3 1076.86 -1.0325 0.00956
86281 11776.92 1728.14 -1.04238 0.01257
86298 11776.92 1728.14 -1.04238 0.01257
86299 11056.0 1391.56 -1.04063 0.01149
86300 12742.81 1909.76 -1.0535 0.01187
86301 13836.78 2124.44 -1.06043 0.0112
86302 13566.34 2066.82 -1.05811 0.01133
86303 13772.4 1719.35 -1.05938 0.00915
86304 13772.4 1719.35 -1.05938 0.00915
86305 13772.4 1719.35 -1.05938 0.00915
86306 13744.15 1566.23 -1.06113 0.00837
86307 15218.27 1988.15 -1.06582 0.00866
86309 15218.27 1988.15 -1.06582 0.00866
86310 16710.42 2798.44 -1.07079 0.01011
86311 17222.13 3166.46 -1.07444 0.01077
86312 17222.13 3166.46 -1.07444 0.01077
86313 15907.76 2515.37 -1.06839 0.01003
86314 16768.2 3146.91 -1.07138 0.01129
86315 16479.74 2592.93 -1.06926 0.00963
86316 17257.2 2756.31 -1.07221 0.00934
86317 20124.24 3654.13 -1.0805 0.0091
86320 16772.6 2466.6 -1.07227 0.00885
86322 16772.6 2466.6 -1.07227 0.00885
86324 16772.6 2466.6 -1.07227 0.00885
86326 17373.28 2837.67 -1.07342 0.00949
86337 17373.28 2837.67 -1.07342 0.00949
86339 17270.11 3027.09 -1.07122 0.01024
86340 16502.66 2687.92 -1.07042 0.00996
86342 15805.72 2451.3 -1.06492 0.0099
86343 16732.18 2837.34 -1.06604 0.01022
86345 16899.82 3223.1 -1.06491 0.01139
86348 16899.82 3223.1 -1.06491 0.01139
86349 14544.7 2516.01 -1.05855 0.012
86351 14544.7 2516.01 -1.05855 0.012
86352 16020.69 3080.54 -1.06712 0.01211
86353 15797.95 3373.14 -1.06388 0.01364
86354 17786.04 3683.81 -1.07053 0.01175
86355 19189.03 4095.31 -1.06742 0.01122
86356 22665.76 5704.87 -1.07665 0.0112
86357 19863.64 3959.45 -1.06873 0.01012
86358 19126.03 3497.18 -1.06786 0.00965
86360 24235.23 4644.25 -1.08084 0.00798
86361 28268.31 7011.15 -1.08652 0.00885
86362 28125.58 6845.97 -1.08641 0.00873
86363 31750.68 9113.85 -1.093 0.00912
86377 31750.68 9113.85 -1.093 0.00912
86378 33189.39 11808.79 -1.09453 0.01082
86379 31296.6 9622.05 -1.0961 0.00991
86381 31296.6 9622.05 -1.0961 0.00991
86382 31624.14 9022.3 -1.09471 0.0091
86383 45328.56 19995.3 -1.10084 0.00982
86384 40358.95 18710.96 -1.09803 0.01159
86385 37793.05 15628.04 -1.09807 0.01104
86392 36430.84 15273.3 -1.10273 0.01161
86394 34749.86 12930.57 -1.10212 0.0108
86395 38725.54 16227.72 -1.10822 0.01092
86396 37663.81 16765.93 -1.10698 0.01192
86397 45542.27 23304.24 -1.1107 0.01134
86398 36914.27 14482.96 -1.10438 0.01072
86403 25697.04 6468.59 -1.09489 0.00988
86404 26967.2 7002.71 -1.09687 0.00972
86405 26967.2 7002.71 -1.09687 0.00972
86407 26967.2 7002.71 -1.09687 0.00972
86409 26971.91 6494.14 -1.09421 0.00901
86410 25343.23 5714.39 -1.09245 0.00898
86412 25343.23 5714.39 -1.09245 0.00898
86413 23618.11 5813.43 -1.09001 0.01051
86414 20817.78 4951.06 -1.0866 0.01153
86415 25610.02 8481.36 -1.09632 0.01305
86417 25610.02 8481.36 -1.09632 0.01305
86418 23134.51 7020.05 -1.09254 0.01323
86420 23134.51 7020.05 -1.09254 0.01323
86421 21952.88 5895.24 -1.08773 0.01234
86422 20355.29 5035.99 -1.08276 0.01226
86423 23690.35 7027.53 -1.08728 0.01263
86424 23968.04 6273.5 -1.08587 0.01102
86425 23767.6 6420.53 -1.08766 0.01147
86426 19025.93 4406.89 -1.07619 0.01228
86427 16729.1 3518.2 -1.06751 0.01268
86428 19594.34 4860.42 -1.07452 0.01277
86429 18477.9 4369.63 -1.07142 0.01291
86430 18347.72 4177.82 -1.07244 0.01252
86447 20497.87 5142.77 -1.07509 0.01235
86448 19244.83 3876.08 -1.06922 0.01056
86449 19244.83 3876.08 -1.06922 0.01056
86451 19267.11 4413.07 -1.06671 0.01199
86452 16715.91 3206.27 -1.05928 0.01158
86453 18415.7 3948.04 -1.06281 0.01175
86454 20548.42 4806.81 -1.06865 0.01149
86455 21114.92 4561.48 -1.07006 0.01032
86456 21114.92 4561.48 -1.07006 0.01032
86458 17315.88 3192.04 -1.0606 0.01074
86459 17283.35 3157.06 -1.05955 0.01066
86460 16094.08 2550.37 -1.0558 0.00993
86461 16445.53 2574.97 -1.05972 0.00961
86462 14673.2 2058.33 -1.05283 0.00965
86463 17059.55 2935.64 -1.0639 0.01018
86467 17059.55 2935.64 -1.0639 0.01018
86473 17941.05 3004.97 -1.06957 0.00942
86474 20012.05 3850.88 -1.07862 0.0097
86476 20012.05 3850.88 -1.07862 0.0097
86478 20012.05 3850.88 -1.07862 0.0097
86480 18201.04 3591.0 -1.07511 0.01094
86482 18201.04 3591.0 -1.07511 0.01094
86483 17664.17 3339.11 -1.07355 0.0108
86484 16109.02 2645.32 -1.06759 0.01028
86485 18118.54 3310.64 -1.06959 0.01017
86486 18118.54 3310.64 -1.06959 0.01017
86487 18118.54 3310.64 -1.06959 0.01017
86489 17776.0 3366.48 -1.06937 0.01075
86490 17710.15 3392.35 -1.06966 0.01091
86492 17710.15 3392.35 -1.06966 0.01091
86493 21301.98 5113.36 -1.07966 0.01137
86494 25480.1 7520.62 -1.08755 0.01169
86495 28230.14 9283.53 -1.09335 0.01175
86510 28230.14 9283.53 -1.09335 0.01175
86513 26469.66 8566.03 -1.08876 0.01233
86516 26469.66 8566.03 -1.08876 0.01233
86519 26469.66 8566.03 -1.08876 0.01233
86521 26469.66 8566.03 -1.08876 0.01233
86523 26469.66 8566.03 -1.08876 0.01233
86524 21620.28 5574.07 -1.07856 0.01203
86525 22304.3 6572.05 -1.08396 0.01333
86526 22304.3 6572.05 -1.08396 0.01333
86527 20835.94 5341.37 -1.07998 0.01241
86528 21592.41 5704.09 -1.08004 0.01234
86529 20380.29 5307.73 -1.07708 0.01289
86530 20201.3 4448.21 -1.07959 0.011
86531 17894.8 3337.93 -1.0782 0.01052
86532 17056.56 2987.9 -1.07598 0.01036
86533 15375.28 2355.1 -1.06906 0.01005
86534 17452.58 3261.01 -1.07997 0.0108
86535 17452.58 3261.01 -1.07997 0.0108
86536 17452.58 3261.01 -1.07997 0.0108
86537 17452.58 3261.01 -1.07997 0.0108
86538 17452.58 3261.01 -1.07997 0.0108
86539 17452.58 3261.01 -1.07997 0.0108
86540 17452.58 3261.01 -1.07997 0.0108
86541 17452.58 3261.01 -1.07997 0.0108
86542 17452.58 3261.01 -1.07997 0.0108
86543 16631.47 2888.49 -1.07711 0.01054
86545 17376.16 3129.39 -1.07758 0.01046
86546 17376.16 3129.39 -1.07758 0.01046
86547 14973.22 2246.96 -1.06673 0.01011
86548 14973.22 2246.96 -1.06673 0.01011
86549 14608.65 2218.97 -1.06603 0.01049
86550 16046.68 2575.77 -1.07282 0.01009
86551 16238.11 2469.24 -1.07289 0.00945
86552 16874.11 2893.97 -1.07326 0.01025
86553 17262.4 3784.07 -1.074 0.01281
86554 19119.86 4537.81 -1.07828 0.01252
86555 20023.03 5137.04 -1.08021 0.01293
86557 20023.03 5137.04 -1.08021 0.01293
86558 20023.03 5137.04 -1.08021 0.01293
86559 21688.73 6144.37 -1.08238 0.01318
86560 22444.88 6549.29 -1.08192 0.01312
86575 22380.0 6040.05 -1.08145 0.01217
86576 23810.58 6605.8 -1.0857 0.01176
86577 22351.45 5771.84 -1.07756 0.01166
86578 19894.65 4184.2 -1.07171 0.01067
86579 18857.3 3550.54 -1.07168 0.01007
86580 21697.92 5329.32 -1.07853 0.01142
86581 19879.55 5107.35 -1.07612 0.01304
86583 19879.55 5107.35 -1.07612 0.01304
86585 19285.58 4974.18 -1.07328 0.01349
86588 19285.58 4974.18 -1.07328 0.01349
86589 18907.78 4641.6 -1.07305 0.0131
86591 18907.78 4641.6 -1.07305 0.0131
86592 18256.8 4370.03 -1.07124 0.01323
86594 16797.5 3657.45 -1.06915 0.01308
86595 16797.5 3657.45 -1.06915 0.01308
86596 16797.5 3657.45 -1.06915 0.01308
86597 15239.34 3069.28 -1.06461 0.01333
86598 14947.48 2878.14 -1.06466 0.013
86599 13041.94 2258.22 -1.05576 0.01339
86600 13094.23 2237.95 -1.05874 0.01317
86601 12479.39 1824.64 -1.05559 0.01182
86602 12479.39 1824.64 -1.05559 0.01182
86603 12163.3 1698.54 -1.0519 0.01158
86604 12295.93 1738.99 -1.05622 0.0116
86605 13110.64 1810.66 -1.06285 0.01063
86606 14035.71 1832.91 -1.06657 0.00939
86607 13162.69 1711.73 -1.05891 0.00997
86608 13071.39 1543.29 -1.05716 0.00911
86609 13349.67 1748.02 -1.06194 0.0099
86610 12992.63 1772.18 -1.05947 0.01059
86611 13331.19 1946.65 -1.0616 0.01105
86612 13547.27 2065.6 -1.05878 0.01136
86613 14383.89 2461.22 -1.06106 0.012
86614 14119.49 2017.13 -1.05858 0.01021
86615 17187.63 2959.27 -1.068 0.01011
86616 17037.42 2897.31 -1.06656 0.01007
86617 20075.37 3431.93 -1.07182 0.00859
86618 21878.84 4121.46 -1.077 0.00869
86626 21878.84 4121.46 -1.077 0.00869
86628 21878.84 4121.46 -1.077 0.00869
86641 24734.82 5427.28 -1.08004 0.00895
86642 24734.82 5427.28 -1.08004 0.00895
86651 25394.48 5662.7 -1.08048 0.00886
86652 23438.45 5465.08 -1.07646 0.01004
86653 29535.49 9122.22 -1.08806 0.01055
86655 31501.68 10084.01 -1.08888 0.01025
86656 26647.92 5798.59 -1.07917 0.00824
86657 30486.87 8050.25 -1.08194 0.00874
86658 24211.83 4871.34 -1.07293 0.00838
86665 24211.83 4871.34 -1.07293 0.00838
86666 31372.65 10600.5 -1.08525 0.01087
86667 29092.0 9896.81 -1.08321 0.0118
86668 31426.68 10815.97 -1.08637 0.01105
86669 31426.68 10815.97 -1.08637 0.01105
86672 26365.78 7450.88 -1.08365 0.01081
86673 26365.78 7450.88 -1.08365 0.01081
86675 26495.76 6836.22 -1.08405 0.00982
86689 26495.76 6836.22 -1.08405 0.00982
86690 25358.12 7281.42 -1.08698 0.01142
86691 25358.12 7281.42 -1.08698 0.01142
86692 25358.12 7281.42 -1.08698 0.01142
86693 25358.12 7281.42 -1.08698 0.01142
86694 25358.12 7281.42 -1.08698 0.01142
86695 25358.12 7281.42 -1.08698 0.01142
86696 25358.12 7281.42 -1.08698 0.01142
86697 24223.42 7146.28 -1.08369 0.01229
86698 22783.95 7266.68 -1.08394 0.01412
86699 20079.44 5403.46 -1.07775 0.01352
86700 21048.52 4989.54 -1.08126 0.01136
86701 21048.52 4989.54 -1.08126 0.01136
86703 23380.88 5856.37 -1.08476 0.01081
86704 25386.12 5795.66 -1.08886 0.00907
86705 30044.81 7230.66 -1.0952 0.00808
86706 27345.33 6001.29 -1.09028 0.0081
86718 31203.57 10563.14 -1.09674 0.01095
86719 31203.57 10563.14 -1.09674 0.01095
86720 33217.26 13413.25 -1.09768 0.01226
86721 36224.86 15296.08 -1.1029 0.01176
86722 36220.64 12654.82 -1.10085 0.00973
86723 26935.76 6209.3 -1.09074 0.00863
86724 25450.66 5940.58 -1.08622 0.00925
86725 22907.64 5063.45 -1.0818 0.00974
86726 23038.64 5064.01 -1.08306 0.00963
86727 20977.91 4784.96 -1.07693 0.01097
86729 20977.91 4784.96 -1.07693 0.01097
86730 22738.34 5612.71 -1.08034 0.01095
86732 20514.66 4925.15 -1.07453 0.01181
86733 17831.02 3564.55 -1.06649 0.01131
86734 17039.77 3025.93 -1.06266 0.01051
86735 17332.56 3221.41 -1.06259 0.01082
86736 17257.25 3357.52 -1.06634 0.01137
86737 17075.23 3094.88 -1.06675 0.01071
86738 15153.04 2656.19 -1.05879 0.01167
86739 14125.3 2354.04 -1.05217 0.0119
86740 13572.28 2119.42 -1.05224 0.01161
86743 13572.28 2119.42 -1.05224 0.01161
86744 15467.27 2702.73 -1.06089 0.0114
86783 17643.43 3642.94 -1.06999 0.01181
86785 17701.85 3351.37 -1.06652 0.01079
86787 17701.85 3351.37 -1.06652 0.01079
86789 19331.72 4682.27 -1.07196 0.01264
86791 19331.72 4682.27 -1.07196 0.01264
86831 19901.4 5361.38 -1.07419 0.01366
86879 21449.38 6929.83 -1.07821 0.0152
86880 21449.38 6929.83 -1.07821 0.0152
86881 21449.38 6929.83 -1.07821 0.0152
86882 21449.38 6929.83 -1.07821 0.0152
86889 22892.88 7748.79 -1.0835 0.01492
86931 22892.88 7748.79 -1.0835 0.01492
86932 22892.88 7748.79 -1.0835 0.01492
86933 22892.88 7748.79 -1.0835 0.01492
86973 23454.92 7431.93 -1.08644 0.01363
87006 24268.6 7859.05 -1.08982 0.01346
87008 24268.6 7859.05 -1.08982 0.01346
87009 22281.61 7196.07 -1.09056 0.01462
87010 22683.56 7737.77 -1.08877 0.01517
87011 20900.14 6173.12 -1.08299 0.01426
87012 20652.95 5877.66 -1.08232 0.0139
87040 20652.95 5877.66 -1.08232 0.0139
87064 19968.14 5276.74 -1.08181 0.01335
87065 19968.14 5276.74 -1.08181 0.01335
87066 19968.14 5276.74 -1.08181 0.01335
87067 17586.3 4458.33 -1.07539 0.01454
87069 17586.3 4458.33 -1.07539 0.01454
87070 21018.79 6868.01 -1.08318 0.01568
87073 21018.79 6868.01 -1.08318 0.01568
87074 16674.99 4111.24 -1.07232 0.01492
87075 18136.03 4367.34 -1.07892 0.0134
87076 17171.86 3990.43 -1.07388 0.01365
87077 15604.19 3081.72 -1.06603 0.01277
87078 15884.61 3048.85 -1.06703 0.01219
87079 16529.13 3012.45 -1.06935 0.01112
87080 15116.93 2143.75 -1.06187 0.00946
87082 14564.54 2079.67 -1.06007 0.00989
87084 14564.54 2079.67 -1.06007 0.00989
87086 13922.14 1930.28 -1.05413 0.01005
87088 13922.14 1930.28 -1.05413 0.01005
87089 12922.37 1883.65 -1.04958 0.01138
87090 13452.87 2004.12 -1.05093 0.01117
87094 13452.87 2004.12 -1.05093 0.01117
87096 12700.22 2004.65 -1.04677 0.01254
87098 12700.22 2004.65 -1.04677 0.01254
87099 12571.54 1904.7 -1.04401 0.01216
87100 13779.83 2246.28 -1.04907 0.01194
87101 13625.09 2330.37 -1.05103 0.01266
87102 16626.9 3184.88 -1.06278 0.01162
87103 18937.59 4412.89 -1.06798 0.01241
87105 18937.59 4412.89 -1.06798 0.01241
87106 19430.44 5120.28 -1.07344 0.01368
87108 22110.84 6248.98 -1.08323 0.0129
87109 21346.93 5771.33 -1.0802 0.01278
87111 21346.93 5771.33 -1.0802 0.01278
87112 19231.4 4586.09 -1.07216 0.01251
87113 19231.4 4586.09 -1.07216 0.01251
87114 17765.15 3939.67 -1.06816 0.01259
87115 20242.4 5041.86 -1.07269 0.01241
87116 20680.27 5057.4 -1.07489 0.01193
87117 24325.1 6675.74 -1.08407 0.01138
87118 24325.1 6675.74 -1.08407 0.01138
87120 24452.04 7908.79 -1.08384 0.01335
87121 25741.58 8268.45 -1.08767 0.01259
87122 27758.71 9330.91 -1.09195 0.01222
87123 25823.1 7567.72 -1.0892 0.01145
87124 21263.56 5236.02 -1.08081 0.01168
87125 17839.07 3776.64 -1.07554 0.01197
87126 14744.68 2539.22 -1.06241 0.01178
87127 14744.68 2539.22 -1.06241 0.01178
87128 14461.29 2697.25 -1.05697 0.01301
87129 14461.29 2697.25 -1.05697 0.01301
87130 12719.61 1898.54 -1.04583 0.01184
87131 12719.61 1898.54 -1.04583 0.01184
87132 12273.78 1863.48 -1.04547 0.01248
87133 12626.55 1718.46 -1.0524 0.01087
87134 12626.55 1718.46 -1.0524 0.01087
87135 16133.69 2372.13 -1.07157 0.00919
87136 14103.02 1880.61 -1.06183 0.00954
87155 14103.02 1880.61 -1.06183 0.00954
87156 13653.77 1872.63 -1.05983 0.01013
87182 13653.77 1872.63 -1.05983 0.01013
87200 12941.27 1641.53 -1.04347 0.00989
87202 12911.19 1636.54 -1.02467 0.0099
87204 12911.19 1636.54 -1.02467 0.0099
87206 12911.19 1636.54 -1.02467 0.0099
87208 13487.33 1792.07 -1.01043 0.00994
87210 13487.33 1792.07 -1.01043 0.00994
87211 14672.09 2265.88 -0.99666 0.01062
87212 14672.09 2265.88 -0.99666 0.01062
87213 15174.85 2489.93 -0.98776 0.01091
87214 15174.85 2489.93 -0.98776 0.01091
87215 17494.39 3232.96 -0.97977 0.01066
87216 18680.55 3844.38 -0.98214 0.01111
87218 18680.55 3844.38 -0.98214 0.01111
87219 18680.55 3844.38 -0.98214 0.01111
87220 18988.71 4396.66 -0.9922 0.0123
88000 18988.71 4396.66 -0.9922 0.0123
88011 18988.71 4396.66 -0.9922 0.0123
88012 18573.69 3664.25 -0.9926 0.01072
88013 18573.69 3664.25 -0.9926 0.01072
88014 20735.88 4050.06 -1.00357 0.0095
88015 22442.04 4727.44 -1.00724 0.00947
88016 22442.04 4727.44 -1.00724 0.00947
88017 21571.59 3741.97 -1.00784 0.00811
88018 20964.82 3781.01 -1.0043 0.00868
88019 20964.82 3781.01 -1.0043 0.00868
88020 22886.12 4651.44 -1.01392 0.00896
88021 25328.61 6264.75 -1.0176 0.00985
88033 25328.61 6264.75 -1.0176 0.00985
88034 25328.61 6264.75 -1.0176 0.00985
88035 21777.41 4146.51 -1.02167 0.00882
88036 20557.08 3627.55 -1.03806 0.00866
88037 20557.08 3627.55 -1.03806 0.00866
88038 17738.72 2526.89 -1.04224 0.0081
88039 16782.42 2721.83 -1.05874 0.00975
88040 16782.42 2721.83 -1.05874 0.00975
88041 16923.31 2799.07 -1.06669 0.00986
88042 15101.05 2067.94 -1.07429 0.00915
88043 15101.05 2067.94 -1.07429 0.00915
88059 14909.06 2263.03 -1.07419 0.01027
88060 15945.9 2736.46 -1.07751 0.01086
88062 15945.9 2736.46 -1.07751 0.01086
88063 15731.01 2198.96 -1.07724 0.00897
88064 15731.01 2198.96 -1.07724 0.00897
88065 14320.07 1781.27 -1.06973 0.00876
88066 13483.56 1611.88 -1.06474 0.00894
88067 13483.56 1611.88 -1.06474 0.00894
88068 12921.21 1579.68 -1.0651 0.00955
88069 12212.6 1358.52 -1.06074 0.00919
88070 12212.6 1358.52 -1.06074 0.00919
88085 11770.91 1384.32 -1.05957 0.01008
88086 12733.13 1623.88 -1.06697 0.01011
88087 12733.13 1623.88 -1.06697 0.01011
88089 12733.13 1623.88 -1.06697 0.01011
88091 14103.86 2214.8 -1.07586 0.01123
88093 14103.86 2214.8 -1.07586 0.01123
88094 14159.14 2303.67 -1.07456 0.01159
88095 14159.14 2303.67 -1.07456 0.01159
88096 13771.89 2300.15 -1.0736 0.01224
88097 13771.89 2300.15 -1.0736 0.01224
88098 13210.32 1927.7 -1.0693 0.01114
88099 13210.32 1927.7 -1.0693 0.01114
88100 12833.7 1768.16 -1.06861 0.01083
88101 12677.86 1887.05 -1.06856 0.01185
88115 12677.86 1887.05 -1.06856 0.01185
88116 12395.47 1689.54 -1.0657 0.01109
88117 12395.47 1689.54 -1.0657 0.01109
88118 11980.43 1567.09 -1.06354 0.01102
88119 11855.15 1616.29 -1.06227 0.0116
88120 11855.15 1616.29 -1.06227 0.0116
88121 12431.96 1939.88 -1.06865 0.01266
88122 12757.8 1905.78 -1.0714 0.01181
88123 12757.8 1905.78 -1.0714 0.01181
90000 12807.7 1909.66 -1.07043 0.01175
90001 12807.7 1909.66 -1.07043 0.01175
90002 13161.52 2047.16 -1.07372 0.01192
90012 13161.52 2047.16 -1.07372 0.01192
90013 13305.91 1751.04 -1.0745 0.00998
90014 13305.91 1751.04 -1.0745 0.00998
90015 12542.17 1447.99 -1.07054 0.00929
90016 12581.52 1219.28 -1.06977 0.00777
90017 12581.52 1219.28 -1.06977 0.00777
90018 12384.65 1385.35 -1.0698 0.00911
90019 12663.75 1378.05 -1.07193 0.00867
90020 12663.75 1378.05 -1.07193 0.00867
90021 12336.88 1269.74 -1.06993 0.00842
90022 12012.32 932.07 -1.06646 0.00652
90034 12012.32 932.07 -1.06646 0.00652
90035 12907.97 1050.55 -1.07106 0.00636
90036 12907.97 1050.55 -1.07106 0.00636
90037 13248.59 1091.78 -1.07181 0.00628
90039 13248.59 1091.78 -1.07181 0.00628
90041 13248.59 1091.78 -1.07181 0.00628
90042 13248.59 1091.78 -1.07181 0.00628
90044 13248.59 1091.78 -1.07181 0.00628
90045 13474.04 1083.92 -1.07401 0.00602
90046 14294.8 1274.32 -1.07819 0.00629
90047 14294.8 1274.32 -1.07819 0.00629
90048 13365.04 1186.47 -1.07224 0.0067
90049 12692.42 1079.92 -1.06894 0.00676
90050 12692.42 1079.92 -1.06894 0.00676
90051 13456.61 1235.5 -1.07349 0.00688
90052 13310.41 1165.98 -1.07216 0.00664
90053 13310.41 1165.98 -1.07216 0.00664
90054 12829.73 1103.17 -1.06947 0.00676
90055 12563.98 1105.64 -1.06627 0.00707
90056 12563.98 1105.64 -1.06627 0.00707
90057 12166.52 995.4 -1.06398 0.00678
90059 12166.52 995.4 -1.06398 0.00678
90061 12166.52 995.4 -1.06398 0.00678
90062 11569.23 1039.23 -1.06098 0.00783
90063 11569.23 1039.23 -1.06098 0.00783
90064 11569.23 1039.23 -1.06098 0.00783
90065 11880.79 990.52 -1.063 0.00708
90067 11880.79 990.52 -1.063 0.00708
90068 12098.34 1012.57 -1.0644 0.00698
90070 12098.34 1012.57 -1.0644 0.00698
90072 12098.34 1012.57 -1.0644 0.00698
90074 12098.34 1012.57 -1.0644 0.00698
90075 12251.67 994.82 -1.0652 0.00669
90076 11332.61 1033.35 -1.05928 0.00812
90077 11332.61 1033.35 -1.05928 0.00812
90078 11405.38 1120.8 -1.06068 0.00869
90079 11405.38 1120.8 -1.06068 0.00869
90080 11475.44 1087.85 -1.05976 0.00833
90081 11295.27 1101.7 -1.06001 0.00871
90082 11295.27 1101.7 -1.06001 0.00871
90083 12002.24 1314.38 -1.065 0.00921
90084 12221.2 1348.26 -1.06666 0.00911
90095 12221.2 1348.26 -1.06666 0.00911
90096 12451.07 1276.3 -1.06832 0.00831
90098 12451.07 1276.3 -1.06832 0.00831
90099 12451.07 1276.3 -1.06832 0.00831
90100 12713.8 1269.65 -1.06928 0.00792
90101 12713.8 1269.65 -1.06928 0.00792
90102 13656.85 1827.72 -1.07394 0.00989
90103 13823.19 1849.28 -1.07566 0.00976
90104 13823.19 1849.28 -1.07566 0.00976
90105 13771.92 1793.07 -1.07469 0.00954
90106 14553.7 1942.86 -1.07689 0.00925
90108 14553.7 1942.86 -1.07689 0.00925
90110 14553.7 1942.86 -1.07689 0.00925
90112 13471.71 1540.97 -1.07126 0.00857
90114 13471.71 1540.97 -1.07126 0.00857
90115 13295.1 1759.75 -1.07054 0.01004
90116 13295.1 1759.75 -1.07054 0.01004
90117 13395.66 1618.68 -1.07198 0.0091
90118 14095.25 1782.26 -1.0764 0.00905
90119 14095.25 1782.26 -1.0764 0.00905
90120 14529.22 1664.04 -1.07956 0.00795
90121 14186.34 1508.29 -1.07954 0.00756
90122 14186.34 1508.29 -1.07954 0.00756
90123 13957.72 1372.62 -1.0797 0.00711
90124 13840.15 1340.02 -1.07959 0.00706
90125 13840.15 1340.02 -1.07959 0.00706
90126 15042.05 1449.2 -1.08286 0.00646
90127 14445.53 1316.19 -1.07966 0.00636
90128 14445.53 1316.19 -1.07966 0.00636
90129 14681.0 1353.33 -1.08088 0.00634
90130 14681.0 1353.33 -1.08088 0.00634
90131 13850.75 1210.65 -1.07663 0.00637
90132 13850.75 1210.65 -1.07663 0.00637
90134 13829.35 1291.84 -1.07701 0.00681
90135 13349.99 1213.6 -1.07495 0.00687
90136 13349.99 1213.6 -1.07495 0.00687
90137 13480.36 1068.25 -1.07624 0.00593
90138 14583.75 1080.51 -1.07956 0.00513
90139 14583.75 1080.51 -1.07956 0.00513
90140 16057.04 1115.94 -1.08494 0.00437
90141 14876.93 855.64 -1.08095 0.0039
90142 14876.93 855.64 -1.08095 0.0039
90143 13889.58 830.94 -1.07508 0.00435
90144 13705.3 846.19 -1.07451 0.00455
90146 13705.3 846.19 -1.07451 0.00455
90148 13705.3 846.19 -1.07451 0.00455
90150 13705.3 846.19 -1.07451 0.00455
90151 13575.59 934.28 -1.0715 0.00511
90152 13407.81 1210.44 -1.06695 0.00679
90168 13407.81 1210.44 -1.06695 0.00679
90169 12861.14 1044.28 -1.06351 0.00637
90170 12861.14 1044.28 -1.06351 0.00637
90171 12623.38 989.3 -1.06349 0.00626
90172 12212.82 1053.26 -1.06044 0.00712
90173 12212.82 1053.26 -1.06044 0.00712
90174 11815.49 967.92 -1.05562 0.007
90175 12450.97 1252.49 -1.05914 0.00815
90176 12450.97 1252.49 -1.05914 0.00815
90177 12830.68 1412.32 -1.06061 0.00866
90178 12507.17 1434.38 -1.05892 0.00925
90179 12507.17 1434.38 -1.05892 0.00925
90180 13054.17 1461.92 -1.06314 0.00866
90181 12787.97 1258.59 -1.06242 0.00776
90182 12787.97 1258.59 -1.06242 0.00776
90183 12788.45 1319.93 -1.06336 0.00814
90184 14121.62 1497.46 -1.06913 0.00758
90185 14121.62 1497.46 -1.06913 0.00758
90186 14924.74 1495.19 -1.07501 0.00677
90187 14524.67 1331.73 -1.07286 0.00637
90188 14524.67 1331.73 -1.07286 0.00637
90190 14943.74 1450.64 -1.07504 0.00655
90191 15314.98 1611.78 -1.07759 0.00693
90192 15314.98 1611.78 -1.07759 0.00693
90194 15875.55 1808.45 -1.08018 0.00724
90195 15370.43 1523.5 -1.07808 0.00651
90196 15370.43 1523.5 -1.07808 0.00651
90197 15832.26 1674.84 -1.07987 0.00674
90198 16649.41 1562.03 -1.08634 0.00569
90200 16649.41 1562.03 -1.08634 0.00569
90201 17061.44 1695.33 -1.08932 0.00588
90205 17061.44 1695.33 -1.08932 0.00588
90206 15723.07 1299.74 -1.08401 0.0053
90214 15723.07 1299.74 -1.08401 0.0053
90215 16079.04 1488.63 -1.08525 0.00581
90224 16079.04 1488.63 -1.08525 0.00581
90225 15554.92 1497.2 -1.08309 0.00624
90226 15554.92 1497.2 -1.08309 0.00624
90227 15497.94 1413.64 -1.0823 0.00594
90228 15327.31 1759.76 -1.08132 0.00756
90229 15327.31 1759.76 -1.08132 0.00756
90267 15733.64 2034.5 -1.08393 0.00829
90268 16354.3 2072.17 -1.08411 0.00782
90304 16354.3 2072.17 -1.08411 0.00782
90305 16429.4 2096.88 -1.0835 0.00784
90363 16429.4 2096.88 -1.0835 0.00784
90364 16615.01 2112.3 -1.08635 0.00772
90377 16615.01 2112.3 -1.08635 0.00772
90378 17565.11 2148.65 -1.08806 0.00703
90380 17565.11 2148.65 -1.08806 0.00703
90381 17406.47 1966.25 -1.08798 0.00655
90383 17406.47 1966.25 -1.08798 0.00655
90386 17406.47 1966.25 -1.08798 0.00655
90388 17406.47 1966.25 -1.08798 0.00655
90389 18526.07 2260.25 -1.09065 0.00664
90391 18526.07 2260.25 -1.09065 0.00664
90393 18526.07 2260.25 -1.09065 0.00664
90394 18153.78 2372.26 -1.09016 0.00726
90395 18153.78 2372.26 -1.09016 0.00726
90397 17432.55 2099.57 -1.08623 0.00697
90399 17432.55 2099.57 -1.08623 0.00697
90400 15666.23 1873.4 -1.07924 0.0077
90402 15666.23 1873.4 -1.07924 0.0077
90404 15666.23 1873.4 -1.07924 0.0077
90406 15666.23 1873.4 -1.07924 0.0077
90408 15666.23 1873.4 -1.07924 0.0077
90409 16657.58 1952.88 -1.08412 0.0071
90411 16657.58 1952.88 -1.08412 0.0071
90413 16657.58 1952.88 -1.08412 0.0071
90415 16657.58 1952.88 -1.08412 0.0071
90417 16657.58 1952.88 -1.08412 0.0071
90419 16657.58 1952.88 -1.08412 0.0071
90421 16657.58 1952.88 -1.08412 0.0071
90423 16657.58 1952.88 -1.08412 0.0071
90425 16657.58 1952.88 -1.08412 0.0071
90426 16821.77 1725.64 -1.08448 0.00615
90428 16821.77 1725.64 -1.08448 0.00615
90430 16821.77 1725.64 -1.08448 0.00615
90432 16821.77 1725.64 -1.08448 0.00615
90434 16821.77 1725.64 -1.08448 0.00615
90436 16821.77 1725.64 -1.08448 0.00615
90438 16821.77 1725.64 -1.08448 0.00615
90440 16821.77 1725.64 -1.08448 0.00615
90442 16821.77 1725.64 -1.08448 0.00615
90444 16821.77 1725.64 -1.08448 0.00615
90446 16821.77 1725.64 -1.08448 0.00615
90447 16467.69 1712.38 -1.08323 0.00637
90448 16060.19 1766.15 -1.08338 0.00691
90449 16060.19 1766.15 -1.08338 0.00691
90450 14230.74 1321.59 -1.07615 0.00658
90451 13593.42 979.48 -1.07289 0.00535
90452 13593.42 979.48 -1.07289 0.00535
90453 13437.33 1000.49 -1.07281 0.00559
90455 13437.33 1000.49 -1.07281 0.00559
90457 13437.33 1000.49 -1.07281 0.00559
90459 13437.33 1000.49 -1.07281 0.00559
90461 13437.33 1000.49 -1.07281 0.00559
90463 13437.33 1000.49 -1.07281 0.00559
90465 13437.33 1000.49 -1.07281 0.00559
90467 13437.33 1000.49 -1.07281 0.00559
90469 13437.33 1000.49 -1.07281 0.00559
90471 13437.33 1000.49 -1.07281 0.00559
90473 13437.33 1000.49 -1.07281 0.00559
90475 13437.33 1000.49 -1.07281 0.00559
90477 13437.33 1000.49 -1.07281 0.00559
90478 13322.38 1026.12 -1.07227 0.00583
90481 13322.38 1026.12 -1.07227 0.00583
90482 13418.03 1167.13 -1.07088 0.00654
90483 13418.03 1167.13 -1.07088 0.00654
90484 12671.4 1080.59 -1.06807 0.00679
90485 12661.96 1015.56 -1.06445 0.00639
90486 12661.96 1015.56 -1.06445 0.00639
90487 11662.7 1010.77 -1.05635 0.0075
