6064.01 1666.83 0.64782 0.09566 8956
6098.74 1690.23 0.69128 0.09591 8957
7208.95 2598.96 0.59042 0.10554 8958
9870.44 5436.78 0.42015 0.11777 8959
10724.51 7005.48 0.2869 0.12854 8960
7807.17 3410.32 0.13424 0.11808 8961
8396.97 3934.6 -0.0456 0.11777 8962
12279.67 7133.76 -0.21251 0.09985 8963
12541.33 6271.76 -0.35907 0.08416 8964
11572.52 3448.43 -0.50722 0.05434 8965
10875.49 2450.32 -0.56667 0.04372 8966
15167.55 4018.01 -0.6592 0.03686 8967
15293.64 3363.26 -0.68884 0.03035 8968
14737.84 2893.84 -0.69478 0.02812 8969
15063.26 2662.49 -0.70045 0.02476 8970
15439.85 2593.61 -0.71314 0.02296 8971
14720.2 2218.98 -0.72434 0.02161 8972
15100.49 1802.67 -0.7381 0.01668 8973
14635.75 1530.81 -0.75036 0.01508 8974
14458.97 1423.16 -0.75774 0.01437 8975
14692.74 1388.4 -0.76223 0.01357 8976
14586.71 1299.02 -0.76607 0.01288 8977
14173.04 1107.56 -0.76773 0.01164 8978
14204.31 1002.71 -0.76887 0.01049 8979
14279.24 978.98 -0.76839 0.01013 8980
14998.22 974.5 -0.77553 0.00914 8981
14241.49 697.04 -0.77628 0.00725 8982
14307.57 595.37 -0.78207 0.00614 8983
14413.87 581.33 -0.78645 0.00591 8984
14413.29 643.82 -0.79141 0.00654 8985
14667.98 622.03 -0.79542 0.0061 8986
15509.03 554.25 -0.80112 0.00486 8987
14587.49 548.54 -0.79596 0.00544 8988
14294.11 539.58 -0.79502 0.00557 8989
14524.47 549.3 -0.7977 0.0055 8990
14290.13 493.49 -0.79766 0.0051 8991
14079.96 471.22 -0.79499 0.00502 8992
14182.86 563.4 -0.79759 0.00591 8993
14145.67 602.57 -0.79967 0.00636 8994
13985.69 620.74 -0.79924 0.0067 8995
13514.8 662.83 -0.79647 0.00766 8996
13634.72 565.41 -0.79608 0.00642 8997
13651.93 435.24 -0.79443 0.00493 8998
13728.27 439.07 -0.79472 0.00492 8999
13424.76 464.77 -0.79194 0.00544 9000
13070.13 485.78 -0.7889 0.006 9001
12622.79 397.21 -0.78689 0.00526 9002
12899.95 392.29 -0.79257 0.00497 9003
13488.24 414.01 -0.79625 0.0048 9004
13520.58 469.24 -0.79586 0.00542 9005
13649.09 461.62 -0.7976 0.00523 9006
13967.34 458.07 -0.80112 0.00496 9007
14028.4 471.71 -0.8019 0.00506 9008
14023.01 511.85 -0.80076 0.00549 9009
14306.32 502.77 -0.80402 0.00518 9010
14398.86 549.82 -0.80286 0.0056 9011
14693.76 567.67 -0.80585 0.00555 9012
14780.82 632.76 -0.80738 0.00611 9013
14557.18 589.62 -0.80456 0.00587 9014
14709.91 516.07 -0.80656 0.00503 9015
14584.52 507.52 -0.80449 0.00504 9016
14948.42 546.25 -0.80761 0.00516 9017
14831.75 550.12 -0.80485 0.00528 9018
14169.75 533.61 -0.80127 0.00561 9019
14044.32 477.51 -0.80265 0.00511 9020
14375.77 471.87 -0.80336 0.00482 9021
13997.93 575.49 -0.80019 0.0062 9022
14133.69 590.5 -0.80156 0.00624 9023
14046.09 632.43 -0.8 0.00676 9024
14084.17 684.84 -0.80017 0.00729 9025
13914.46 681.88 -0.79869 0.00743 9026
13635.24 693.22 -0.79673 0.00787 9027
13483.11 732.27 -0.79556 0.0085 9028
13275.08 683.87 -0.79394 0.00819 9029
13404.68 683.48 -0.79432 0.00803 9030
13582.04 709.71 -0.79716 0.00812 9031
13812.07 670.67 -0.79701 0.00742 9032
13894.35 644.97 -0.79514 0.00705 9033
14438.13 691.39 -0.79582 0.007 9034
14249.15 717.29 -0.79293 0.00746 9035
13990.48 678.0 -0.79207 0.00731 9036
14213.93 577.26 -0.79437 0.00603 9037
13650.58 519.93 -0.78767 0.00589 9038
13970.46 511.84 -0.79119 0.00553 9039
13913.04 543.76 -0.78875 0.00593 9040
14350.85 562.85 -0.79344 0.00577 9041
14515.88 532.68 -0.79473 0.00534 9042
14317.33 500.35 -0.79177 0.00515 9043
14477.43 597.65 -0.79413 0.00602 9044
14925.47 721.26 -0.7949 0.00683 9045
14719.41 688.39 -0.79379 0.00671 9046
14245.68 669.91 -0.79057 0.00697 9047
14170.17 644.84 -0.79126 0.00678 9048
14468.84 601.04 -0.79398 0.00606 9049
15114.53 719.86 -0.7975 0.00665 9050
14967.98 713.86 -0.79543 0.00672 9051
14817.15 854.68 -0.79469 0.00822 9052
15483.55 898.74 -0.79892 0.00791 9053
15280.2 886.8 -0.79583 0.00802 9054
15488.64 774.22 -0.80124 0.00681 9055
15387.63 802.07 -0.80041 0.00715 9056
15534.76 727.66 -0.80111 0.00636 9057
16184.05 848.61 -0.80654 0.00684 9058
16191.03 832.61 -0.80547 0.0067 9059
15929.78 673.02 -0.80697 0.0056 9060
16131.99 674.95 -0.80697 0.00547 9061
16440.82 697.66 -0.80895 0.00545 9062
17062.43 713.07 -0.81342 0.00517 9063
16913.16 726.59 -0.81355 0.00536 9064
16617.09 817.51 -0.81196 0.00625 9065
16672.19 846.26 -0.81101 0.00643 9066
16636.25 879.26 -0.8119 0.0067 9067
16414.62 916.68 -0.81089 0.00718 9068
16673.0 1013.03 -0.81326 0.00769 9069
16532.98 993.68 -0.80812 0.00767 9070
16092.31 1015.52 -0.80439 0.00828 9071
15719.91 1044.91 -0.80106 0.00892 9072
15591.54 1021.48 -0.79954 0.00887 9073
15655.4 968.79 -0.80059 0.00834 9074
15409.07 935.72 -0.79729 0.00832 9075
15750.08 971.35 -0.79925 0.00826 9076
16050.22 1036.9 -0.79978 0.00849 9077
16207.0 996.56 -0.8006 0.00801 9078
16012.31 903.67 -0.80054 0.00744 9079
16020.57 928.78 -0.80263 0.00764 9080
16343.82 864.21 -0.80532 0.00683 9081
16834.42 933.58 -0.80553 0.00695 9082
16704.22 833.71 -0.80603 0.00631 9083
16740.14 667.92 -0.80677 0.00503 9084
16148.21 553.29 -0.80164 0.00448 9085
16809.55 668.06 -0.80561 0.00499 9086
16941.22 602.0 -0.80691 0.00443 9087
17045.37 639.16 -0.80659 0.00464 9088
17443.38 560.82 -0.80836 0.00389 9089
17293.72 694.27 -0.80826 0.0049 9090
17212.67 603.07 -0.80772 0.0043 9091
16342.2 746.98 -0.8039 0.0059 9092
15708.26 744.16 -0.80015 0.00636 9093
15434.05 706.6 -0.79836 0.00626 9094
15012.7 732.2 -0.79475 0.00686 9095
15073.32 729.65 -0.79576 0.00678 9096
14792.75 728.27 -0.79429 0.00702 9097
14935.34 622.01 -0.79402 0.00588 9098
14800.0 626.03 -0.79276 0.00603 9099
15170.38 610.73 -0.79861 0.0056 9100
14818.67 572.53 -0.79655 0.0055 9101
14485.48 573.45 -0.79333 0.00577 9102
14239.83 510.77 -0.79241 0.00532 9103
14367.41 559.19 -0.79345 0.00572 9104
14448.93 500.12 -0.79404 0.00506 9105
14615.91 501.76 -0.79392 0.00496 9106
14841.59 520.19 -0.79457 0.00498 9107
15328.83 447.96 -0.798 0.00402 9108
15256.58 541.41 -0.79627 0.00491 9109
15534.51 504.17 -0.79473 0.00441 9110
14963.5 469.85 -0.78871 0.00443 9111
15106.52 473.4 -0.78929 0.00438 9112
14942.91 553.71 -0.78841 0.00523 9113
14886.22 524.85 -0.78774 0.005 9114
15579.1 553.08 -0.79089 0.00481 9115
15828.88 548.77 -0.7924 0.00462 9116
16708.19 595.7 -0.79715 0.0045 9117
16595.43 605.52 -0.79557 0.00464 9118
15847.22 710.48 -0.78829 0.00597 9119
16119.78 825.14 -0.7887 0.0067 9120
15857.45 770.19 -0.78858 0.00646 9121
15591.17 696.75 -0.78855 0.00605 9122
15503.89 663.77 -0.7866 0.00583 9123
16503.57 666.89 -0.79181 0.00517 9124
16925.96 820.22 -0.79402 0.00604 9125
17049.83 832.86 -0.79564 0.00605 9126
17203.82 828.24 -0.79716 0.00591 9127
17404.56 799.11 -0.7996 0.00557 9128
17809.7 842.19 -0.80253 0.0056 9129
17271.32 857.72 -0.80105 0.00607 9130
17585.73 826.82 -0.80281 0.00564 9131
17393.29 706.74 -0.80168 0.00493 9132
17688.42 727.84 -0.80413 0.00491 9133
18813.53 737.27 -0.80955 0.0044 9134
19220.13 706.96 -0.81198 0.00404 9135
19074.15 660.74 -0.81115 0.00383 9136
19663.19 853.52 -0.81307 0.00466 9137
20017.05 986.02 -0.81429 0.00519 9138
19037.6 911.84 -0.81026 0.00531 9139
19099.37 946.21 -0.81274 0.00547 9140
19261.5 1003.71 -0.81309 0.00571 9141
19243.88 1034.53 -0.8126 0.0059 9142
19815.08 1116.9 -0.81144 0.006 9143
19256.55 1099.54 -0.80871 0.00626 9144
19278.97 988.43 -0.80877 0.00561 9145
18869.0 917.75 -0.80716 0.00544 9146
18782.36 923.26 -0.806 0.00552 9147
18652.2 927.74 -0.80526 0.00563 9148
17770.02 986.58 -0.80433 0.00659 9149
16894.68 837.4 -0.80135 0.00619 9150
17030.95 902.87 -0.80138 0.00657 9151
16981.03 816.74 -0.79973 0.00598 9152
16010.48 785.67 -0.79488 0.00647 9153
16564.69 856.97 -0.79987 0.00659 9154
16226.03 872.27 -0.79609 0.00699 9155
16341.6 834.5 -0.79724 0.00659 9156
16620.92 839.4 -0.79785 0.00641 9157
16427.18 797.32 -0.79963 0.00624 9158
16128.71 734.16 -0.79619 0.00596 9159
16207.41 720.11 -0.79798 0.00579 9160
15739.81 707.47 -0.79363 0.00603 9161
15200.37 717.66 -0.7921 0.00656 9162
15663.08 753.74 -0.79582 0.00648 9163
15615.34 768.03 -0.79437 0.00665 9164
15662.64 803.38 -0.7927 0.00691 9165
16108.39 960.36 -0.79592 0.00781 9166
16365.98 874.6 -0.79721 0.00689 9167
17154.08 1035.8 -0.80087 0.00743 9168
16736.39 953.27 -0.79671 0.00718 9169
16773.37 1062.12 -0.79917 0.00797 9170
16876.13 985.19 -0.80083 0.0073 9171
16531.33 948.13 -0.79996 0.00732 9172
16189.54 831.57 -0.79648 0.0067 9173
16235.72 995.83 -0.79567 0.00797 9174
15994.42 977.51 -0.79337 0.00806 9175
16506.48 993.0 -0.79719 0.00769 9176
17242.2 1039.33 -0.79993 0.00738 9177
17108.89 844.81 -0.79779 0.00609 9178
18068.9 983.11 -0.80283 0.00635 9179
17964.18 963.38 -0.80393 0.0063 9180
17348.45 828.35 -0.79886 0.00581 9181
17102.5 816.88 -0.79811 0.00589 9182
16665.85 799.83 -0.79643 0.00608 9183
17069.88 759.4 -0.79893 0.0055 9184
16890.31 841.27 -0.79459 0.00622 9185
16843.75 883.54 -0.7929 0.00657 9186
17058.9 932.07 -0.79416 0.00676 9187
17397.23 944.69 -0.79627 0.00659 9188
17971.02 825.93 -0.79945 0.0054 9189
17926.12 717.02 -0.79901 0.00471 9190
18307.69 752.61 -0.79909 0.00474 9191
18085.22 682.89 -0.7994 0.00441 9192
18147.48 829.36 -0.8001 0.00531 9193
17822.7 908.99 -0.79798 0.00604 9194
17843.87 802.61 -0.79735 0.00532 9195
17995.89 854.35 -0.79994 0.00557 9196
18216.02 892.21 -0.80167 0.00567 9197
19330.81 990.33 -0.80507 0.00559 9198
19058.92 896.78 -0.80413 0.00521 9199
19909.3 904.38 -0.80925 0.00482 9200
19462.89 961.56 -0.80725 0.00536 9201
19285.85 1034.22 -0.807 0.00587 9202
19670.78 817.48 -0.80875 0.00446 9203
19353.19 861.5 -0.80842 0.00485 9204
19546.67 958.35 -0.80978 0.00529 9205
19485.52 820.74 -0.81183 0.00456 9206
18995.09 901.1 -0.80888 0.00527 9207
18640.18 828.13 -0.80682 0.00503 9208
18721.69 798.66 -0.80762 0.00481 9209
20130.47 1014.04 -0.81289 0.00528 9210
19998.0 1034.22 -0.81233 0.00546 9211
20070.46 989.43 -0.81207 0.00518 9212
19673.58 977.32 -0.81255 0.00533 9213
19345.43 898.92 -0.81284 0.00507 9214
18961.1 779.1 -0.81197 0.00457 9215
19918.44 1040.63 -0.81501 0.00554 9216
19876.85 986.23 -0.81503 0.00527 9217
19397.44 859.55 -0.81139 0.00482 9218
19805.3 963.8 -0.81338 0.00519 9219
20351.66 998.95 -0.81512 0.00509 9220
20238.84 1024.51 -0.81341 0.00528 9221
21454.4 1323.57 -0.8166 0.00607 9222
21689.63 1322.81 -0.8167 0.00593 9223
20648.42 1108.24 -0.81389 0.00549 9224
19504.98 933.54 -0.80917 0.00518 9225
19964.26 927.76 -0.81123 0.00491 9226
20358.72 969.03 -0.8114 0.00493 9227
19868.79 888.94 -0.8104 0.00475 9228
19312.09 801.35 -0.80816 0.00453 9229
18939.26 822.11 -0.80739 0.00484 9230
18222.49 749.28 -0.80501 0.00476 9231
18179.41 827.72 -0.80283 0.00529 9232
17771.34 799.98 -0.80313 0.00535 9233
17579.73 835.21 -0.80216 0.0057 9234
16815.35 816.76 -0.79753 0.0061 9235
16630.07 787.15 -0.79595 0.00601 9236
16057.55 692.05 -0.79377 0.00566 9237
16297.29 704.13 -0.797 0.00559 9238
16380.47 705.03 -0.7986 0.00555 9239
16484.41 656.76 -0.79943 0.0051 9240
16249.9 742.59 -0.79762 0.00593 9241
15658.27 737.42 -0.79609 0.00635 9242
15509.94 736.76 -0.79406 0.00646 9243
15873.58 821.5 -0.79697 0.00688 9244
15834.18 799.19 -0.79576 0.00673 9245
16117.65 772.73 -0.80004 0.00628 9246
15788.11 728.64 -0.79899 0.00617 9247
16228.63 689.56 -0.8011 0.00553 9248
16261.71 755.16 -0.80012 0.00603 9249
17331.34 844.49 -0.80681 0.00593 9250
16849.87 732.99 -0.80543 0.00545 9251
16562.05 679.02 -0.80446 0.00522 9252
16175.78 600.87 -0.80182 0.00485 9253
16450.42 645.17 -0.80123 0.00503 9254
16335.35 695.45 -0.80104 0.0055 9255
16363.59 618.81 -0.80056 0.00488 9256
16776.43 696.49 -0.80162 0.00522 9257
16695.05 639.97 -0.8018 0.00485 9258
16987.99 559.05 -0.8012 0.00409 9259
17201.48 523.64 -0.80259 0.00373 9260
17465.3 612.96 -0.80342 0.00424 9261
18017.47 646.9 -0.80662 0.00421 9262
17952.78 691.75 -0.80578 0.00453 9263
17929.01 645.09 -0.80643 0.00424 9264
17156.92 487.73 -0.80367 0.0035 9265
17707.19 562.39 -0.80663 0.00379 9266
18444.88 748.14 -0.81084 0.00464 9267
18309.19 792.46 -0.81063 0.00499 9268
18203.05 834.93 -0.81003 0.00532 9269
17843.84 668.37 -0.80762 0.00443 9270
18155.68 726.18 -0.81046 0.00465 9271
18002.21 794.71 -0.81152 0.00518 9272
18076.46 678.62 -0.81163 0.00438 9273
17339.25 630.52 -0.80925 0.00443 9274
17800.16 717.58 -0.81111 0.00478 9275
17605.1 856.67 -0.80898 0.00583 9276
17180.73 1010.23 -0.80563 0.00722 9277
17104.43 1043.18 -0.80503 0.00752 9278
17231.28 985.56 -0.80637 0.00701 9279
17914.04 987.13 -0.80735 0.00649 9280
17580.95 914.11 -0.80763 0.00624 9281
17304.72 925.49 -0.80465 0.00652 9282
17602.51 925.41 -0.80662 0.0063 9283
17149.56 1057.6 -0.80475 0.00759 9284
17206.11 969.2 -0.80647 0.00691 9285
16862.68 891.65 -0.80411 0.00662 9286
16671.41 840.13 -0.80159 0.00638 9287
16910.81 894.11 -0.80242 0.0066 9288
17187.27 991.07 -0.80415 0.00708 9289
17066.29 879.23 -0.80548 0.00637 9290
16982.29 766.82 -0.80596 0.00561 9291
16959.13 845.5 -0.80689 0.0062 9292
17110.88 755.33 -0.80732 0.00544 9293
16970.87 784.14 -0.80702 0.00575 9294
16400.71 615.46 -0.80441 0.00483 9295
16537.1 629.33 -0.80365 0.00486 9296
17177.21 607.86 -0.80756 0.00435 9297
17130.79 651.97 -0.80643 0.00469 9298
17288.44 553.99 -0.80802 0.00391 9299
17173.72 529.07 -0.80805 0.00379 9300
17851.75 602.34 -0.81034 0.00399 9301
18520.69 622.97 -0.81188 0.00383 9302
18999.79 625.98 -0.81289 0.00366 9303
19269.3 657.59 -0.81363 0.00374 9304
18940.97 612.53 -0.81242 0.0036 9305
19068.87 704.6 -0.8123 0.00409 9306
19922.39 730.81 -0.81552 0.00389 9307
20035.21 653.86 -0.81562 0.00344 9308
20148.58 603.25 -0.81439 0.00314 9309
19190.68 699.6 -0.81212 0.00401 9310
19659.61 618.02 -0.81383 0.00337 9311
19665.71 695.72 -0.81409 0.0038 9313
19634.27 749.4 -0.81305 0.0041 9314
20433.92 833.08 -0.81663 0.00421 9315
19841.0 900.67 -0.81568 0.00483 9316
19282.39 792.27 -0.81629 0.0045 9317
18511.8 792.08 -0.81532 0.00488 9318
17533.26 888.7 -0.80839 0.0061 9320
17532.71 842.71 -0.80686 0.00579 9321
17472.85 839.66 -0.80611 0.0058 9322
17056.23 880.66 -0.80371 0.00639 9323
17235.05 890.59 -0.80591 0.00633 9324
17712.82 978.34 -0.80553 0.00658 9325
17416.77 783.63 -0.80213 0.00545 9327
17492.07 816.04 -0.80112 0.00563 9328
17620.84 840.73 -0.80128 0.00571 9329
17782.36 890.65 -0.80148 0.00594 9330
18179.94 1019.52 -0.80337 0.00651 9331
18114.56 1046.52 -0.80162 0.00673 9332
17806.76 949.07 -0.79888 0.00632 9333
18166.43 1105.49 -0.80136 0.00707 9334
18028.01 1080.23 -0.80166 0.00701 9335
17808.69 1013.88 -0.80118 0.00675 9336
17631.42 1000.63 -0.80016 0.00679 9337
18040.96 749.19 -0.80334 0.00486 9338
17489.76 710.82 -0.79955 0.0049 9339
17809.58 915.2 -0.80433 0.00609 9341
17748.13 907.08 -0.8051 0.00608 9342
17011.67 1050.14 -0.80337 0.00766 9343
17096.55 983.36 -0.80495 0.0071 9344
16968.58 940.14 -0.80401 0.00689 9345
16047.66 733.0 -0.79849 0.00601 9346
16364.47 938.63 -0.79986 0.0074 9348
16382.73 1088.72 -0.80016 0.00856 9349
16738.58 1018.95 -0.80059 0.00767 9350
17316.25 1084.69 -0.80328 0.00763 9351
17056.42 1088.2 -0.8048 0.00789 9352
17426.59 1040.85 -0.80584 0.00723 9353
17834.01 930.33 -0.80863 0.00617 9355
17992.66 836.16 -0.80863 0.00545 9356
18346.7 795.59 -0.81181 0.00499 9357
18173.8 749.68 -0.80958 0.00479 9358
18340.5 788.62 -0.80988 0.00495 9359
17957.89 876.49 -0.80774 0.00574 9360
18285.7 1076.93 -0.81088 0.0068 9361
19077.34 1016.37 -0.81539 0.00589 9362
18517.63 891.91 -0.81264 0.00549 9363
18271.5 771.08 -0.81086 0.00487 9364
18419.57 777.57 -0.81292 0.00484 9365
18429.38 698.4 -0.81545 0.00434 9366
18573.01 842.62 -0.81486 0.00516 9367
18069.15 826.72 -0.81494 0.00534 9368
18096.63 876.84 -0.81582 0.00565 9369
18681.23 849.62 -0.81746 0.00514 9370
18404.34 877.03 -0.81701 0.00546 9371
17847.93 873.4 -0.81325 0.00579 9372
18424.37 948.28 -0.81843 0.0059 9373
17626.37 829.69 -0.81573 0.00564 9374
18417.46 894.38 -0.81759 0.00556 9375
18230.08 905.79 -0.8147 0.00575 9376
18221.73 929.91 -0.81537 0.00591 9377
18704.74 944.35 -0.81882 0.0057 9378
18341.36 907.87 -0.81775 0.0057 9379
18632.79 942.39 -0.81858 0.00573 9380
17694.67 840.42 -0.81283 0.00566 9381
18301.77 1017.6 -0.81322 0.00641 9382
17584.34 915.47 -0.80686 0.00625 9383
17432.34 871.72 -0.80455 0.00605 9384
16774.11 653.79 -0.80073 0.0049 9385
17173.7 666.51 -0.80203 0.00477 9386
17290.7 598.12 -0.80308 0.00422 9387
17357.98 639.81 -0.79958 0.00448 9388
18212.39 627.39 -0.80322 0.00399 9389
17053.21 545.92 -0.79819 0.00396 9390
17022.52 651.65 -0.79915 0.00475 9391
16452.58 762.86 -0.79656 0.00595 9392
16089.49 838.29 -0.79503 0.00683 9393
16598.84 836.6 -0.79782 0.00641 9394
16254.55 887.61 -0.79507 0.00709 9395
17375.44 870.78 -0.79916 0.00609 9396
17013.02 1062.09 -0.79842 0.00774 9397
17155.42 964.07 -0.80139 0.00691 9398
17453.69 1018.67 -0.80428 0.00706 9399
17339.58 906.84 -0.80464 0.00637 9400
16773.69 891.16 -0.80149 0.00668 9401
17094.51 952.75 -0.80306 0.00688 9402
16725.39 782.55 -0.80418 0.0059 9403
16127.18 861.44 -0.79972 0.00699 9404
16664.06 815.12 -0.80123 0.00619 9405
17029.58 904.53 -0.80394 0.00658 9406
16903.16 699.49 -0.80379 0.00517 9407
17882.6 652.8 -0.80711 0.00431 9408
17183.98 615.59 -0.80279 0.0044 9409
17238.32 637.71 -0.8028 0.00453 9410
16572.1 781.32 -0.79911 0.006 9411
16300.1 787.61 -0.79881 0.00626 9412
16986.02 794.9 -0.80061 0.00581 9413
16799.62 748.66 -0.79774 0.0056 9414
17108.01 761.68 -0.80103 0.00549 9415
16825.43 718.34 -0.79929 0.00536 9416
16621.67 684.65 -0.79591 0.00523 9417
16578.64 709.01 -0.79403 0.00544 9418
17227.03 693.75 -0.79934 0.00493 9419
16722.45 760.23 -0.798 0.00574 9421
16576.06 771.04 -0.796 0.00592 9422
15908.04 687.64 -0.78894 0.00573 9423
16301.09 648.71 -0.79136 0.00515 9424
16052.1 548.24 -0.78997 0.00449 9425
16261.71 443.79 -0.79385 0.00354 9426
16840.5 614.5 -0.79835 0.00457 9428
17054.62 584.48 -0.80048 0.00424 9429
16825.73 642.49 -0.79847 0.00479 9430
17369.64 821.3 -0.80104 0.00574 9431
16880.16 831.94 -0.80057 0.00616 9432
17274.0 949.68 -0.80395 0.00672 9433
16208.18 1130.47 -0.79559 0.00908 9435
16162.04 945.76 -0.79433 0.00764 9436
16816.45 951.01 -0.79857 0.0071 9437
16974.23 1048.13 -0.80176 0.00768 9438
16971.33 1115.97 -0.80301 0.00818 9439
16992.74 1108.17 -0.80498 0.0081 9440
16756.53 1050.09 -0.80325 0.00789 9441
16291.41 1044.9 -0.80225 0.00831 9442
16164.8 942.99 -0.80171 0.00762 9443
15779.23 1047.44 -0.79933 0.00888 9444
16014.2 997.96 -0.80099 0.00821 9445
15626.03 841.89 -0.79848 0.00728 9446
15990.87 745.48 -0.80057 0.00615 9447
16009.62 710.68 -0.80134 0.00585 9448
16599.86 706.65 -0.80426 0.00541 9449
17137.37 655.03 -0.80889 0.00471 9450
18158.72 604.53 -0.81392 0.00387 9451
18222.53 602.7 -0.81275 0.00383 9452
18234.63 591.24 -0.81369 0.00375 9453
18333.36 803.54 -0.81255 0.00505 9454
18954.51 856.97 -0.81214 0.00503 9455
19190.46 795.66 -0.81342 0.00456 9456
19274.4 776.5 -0.81135 0.00441 9457
19127.33 859.58 -0.80893 0.00496 9458
18871.26 764.7 -0.80759 0.00453 9459
18874.57 713.05 -0.80682 0.00422 9460
19256.25 700.95 -0.80908 0.00399 9461
19353.99 835.81 -0.8065 0.00471 9462
18895.01 938.53 -0.80263 0.00555 9463
18219.99 879.31 -0.79881 0.00559 9464
18256.77 866.39 -0.79771 0.00549 9465
17506.68 821.18 -0.79336 0.00565 9466
16910.91 788.65 -0.79119 0.00582 9467
16676.51 791.52 -0.78929 0.00601 9468
16727.82 786.65 -0.79198 0.00593 9471
16550.27 689.74 -0.79192 0.00531 9472
16670.61 705.3 -0.79408 0.00536 9473
17111.89 834.58 -0.79594 0.00601 9474
16852.15 811.81 -0.7963 0.00603 9475
15965.6 962.11 -0.79519 0.00797 9478
16155.35 1061.28 -0.79817 0.00858 9479
15573.07 1064.03 -0.79629 0.00926 9480
15592.89 1200.74 -0.79588 0.01042 9481
15501.73 1195.12 -0.79533 0.0105 9482
15418.88 1174.05 -0.79124 0.01042 9486
14984.86 1088.25 -0.78882 0.01023 9487
14943.03 1023.14 -0.78888 0.00967 9488
15019.09 1015.64 -0.79129 0.0095 9489
15197.23 932.96 -0.79093 0.00853 9490
15500.08 907.69 -0.79048 0.00797 9491
16227.4 802.94 -0.7985 0.00644 9493
16753.02 714.06 -0.80149 0.00537 9494
16652.06 724.31 -0.80078 0.00551 9495
16405.91 663.51 -0.80015 0.0052 9496
17352.53 755.76 -0.80595 0.0053 9497
17653.25 848.69 -0.81104 0.00575 9498
16983.44 800.96 -0.80731 0.00586 9500
17609.28 759.36 -0.81312 0.00517 9501
18322.43 716.94 -0.81709 0.00451 9502
17917.66 832.75 -0.81338 0.00547 9503
17451.76 642.07 -0.8107 0.00445 9504
17448.53 663.67 -0.81125 0.0046 9505
17270.32 583.41 -0.81226 0.00413 9506
17387.86 496.22 -0.81064 0.00346 9507
17122.42 576.38 -0.80849 0.00415 9508
17091.13 570.72 -0.80742 0.00412 9509
16987.45 603.19 -0.80475 0.00441 9510
17235.86 682.5 -0.80541 0.00485 9511
16231.77 700.54 -0.7994 0.00561 9512
15984.57 691.63 -0.79702 0.00571 9513
16369.19 730.83 -0.79779 0.00576 9514
16530.83 677.44 -0.80029 0.00523 9515
16213.95 676.14 -0.79572 0.00543 9516
15719.69 597.41 -0.7918 0.0051 9517
16186.92 625.58 -0.79575 0.00504 9518
16471.99 748.35 -0.79625 0.00582 9519
16538.01 694.61 -0.7978 0.00536 9520
16455.17 808.38 -0.79562 0.0063 9521
16526.53 847.8 -0.79594 0.00655 9522
16447.2 782.79 -0.79504 0.00611 9523
16056.93 827.51 -0.79396 0.00677 9524
16161.48 736.29 -0.79698 0.00595 9525
16327.3 756.74 -0.79911 0.00599 9526
17289.34 769.52 -0.80424 0.00543 9527
16878.41 880.3 -0.80358 0.00652 9528
16723.73 917.64 -0.80332 0.00692 9529
16816.55 984.95 -0.80226 0.00735 9530
17310.97 933.16 -0.80659 0.00657 9531
17574.03 998.27 -0.80889 0.00682 9532
17681.78 1001.39 -0.80887 0.00676 9533
17698.59 1088.59 -0.80653 0.00733 9534
18148.27 1177.53 -0.80821 0.00755 9535
18267.44 1152.01 -0.81061 0.00729 9536
18289.16 1148.72 -0.8115 0.00725 9537
18923.8 1383.43 -0.81338 0.00815 9538
19127.42 1193.46 -0.81203 0.00688 9539
19740.15 1099.46 -0.81233 0.00595 9540
19450.66 1152.87 -0.81159 0.00643 9541
18728.21 989.83 -0.80749 0.00596 9542
19555.65 1107.21 -0.80943 0.00611 9543
19252.79 1101.03 -0.80535 0.00627 9544
18932.24 1098.04 -0.80567 0.00647 9545
18067.05 1011.87 -0.80034 0.00654 9546
18828.98 1025.23 -0.80315 0.0061 9547
18358.96 1046.95 -0.80112 0.00656 9548
18391.1 1058.16 -0.80426 0.0066 9549
17657.25 914.27 -0.79977 0.00619 9550
17460.46 750.15 -0.79689 0.00519 9551
17065.66 761.51 -0.79446 0.00552 9552
16028.52 667.74 -0.79007 0.00549 9553
15689.87 680.79 -0.78987 0.00584 9554
15337.71 681.02 -0.78839 0.00611 9555
14991.01 746.21 -0.78542 0.00701 9556
14916.32 779.14 -0.78603 0.00739 9557
15085.68 824.61 -0.78755 0.00765 9558
14918.4 801.77 -0.79024 0.0076 9559
15039.21 733.11 -0.79037 0.00684 9560
15238.2 808.29 -0.79347 0.00735 9561
14742.19 748.5 -0.79045 0.00727 9562
15112.64 739.61 -0.79536 0.00683 9563
15110.4 837.11 -0.79465 0.00774 9564
15508.67 861.04 -0.79637 0.00756 9565
15454.63 917.57 -0.79551 0.00811 9566
15352.31 879.65 -0.79345 0.00788 9567
16359.63 774.5 -0.80018 0.00611 9568
16620.55 796.97 -0.80105 0.00609 9569
16655.03 827.96 -0.80277 0.0063 9570
16471.63 776.59 -0.80148 0.00604 9571
16527.66 704.76 -0.80121 0.00544 9572
16184.71 702.24 -0.79832 0.00566 9573
16536.19 590.01 -0.79973 0.00455 9574
16596.1 527.53 -0.79992 0.00404 9575
16587.25 445.96 -0.79914 0.00342 9576
16694.73 449.42 -0.80057 0.0034 9577
16301.74 455.36 -0.79621 0.00362 9578
15994.89 434.1 -0.79436 0.00358 9579
15697.24 400.69 -0.79283 0.00343 9580
15650.38 495.02 -0.7921 0.00427 9581
16037.52 528.66 -0.79685 0.00434 9582
15574.12 531.8 -0.79504 0.00463 9583
15486.96 582.17 -0.7941 0.00512 9584
15339.75 578.95 -0.79241 0.00519 9585
15882.11 682.55 -0.79619 0.00571 9586
16298.42 671.04 -0.7982 0.00533 9587
16054.07 760.21 -0.79801 0.00622 9588
16551.33 905.35 -0.79713 0.00697 9589
16848.67 1121.96 -0.79837 0.00834 9590
16960.49 1134.25 -0.79961 0.00832 9591
17090.47 1253.7 -0.79973 0.00906 9592
17528.62 1325.41 -0.80415 0.0091 9593
17772.69 1337.98 -0.80595 0.00894 9594
17762.32 1125.25 -0.80707 0.00753 9595
18060.93 1135.8 -0.81196 0.00735 9596
17586.95 999.7 -0.80797 0.00682 9597
19046.37 1019.43 -0.80983 0.00593 9598
19359.82 977.31 -0.81123 0.0055 9599
19443.76 990.78 -0.8126 0.00553 9600
19159.54 890.65 -0.81229 0.00512 9601
18185.22 943.61 -0.80823 0.00602 9602
18112.86 965.55 -0.80907 0.00621 9603
17481.73 756.83 -0.80859 0.00523 9604
16754.15 734.1 -0.80403 0.00552 9605
16382.73 561.77 -0.80044 0.00442 9606
16029.86 648.66 -0.79866 0.00533 9607
15851.37 712.11 -0.79781 0.00598 9608
15807.07 626.37 -0.79594 0.00529 9609
16243.03 690.41 -0.79815 0.00552 9610
15957.28 701.72 -0.79535 0.00582 9611
15957.3 622.42 -0.79511 0.00516 9612
14999.37 596.86 -0.79022 0.0056 9613
14792.92 703.96 -0.78877 0.00679 9614
14520.29 838.43 -0.7844 0.00839 9615
14424.29 765.33 -0.78249 0.00776 9616
14634.38 790.59 -0.78611 0.00779 9617
14661.41 767.06 -0.78541 0.00753 9618
14566.67 783.67 -0.78413 0.00779 9619
15298.54 806.61 -0.7922 0.00727 9620
16186.25 919.42 -0.79925 0.00741 9621
16384.26 791.05 -0.79983 0.00622 9622
16219.07 645.14 -0.79751 0.00518 9623
15986.39 536.4 -0.79683 0.00443 9624
15600.32 501.94 -0.79426 0.00435 9625
15637.2 565.54 -0.79481 0.00488 9626
16167.14 543.34 -0.79966 0.00439 9627
15894.43 609.21 -0.79888 0.00509 9628
16442.85 618.9 -0.80349 0.00483 9629
16998.53 884.02 -0.80767 0.00646 9630
16976.69 866.96 -0.80723 0.00635 9631
16879.03 927.47 -0.80706 0.00687 9632
16749.27 850.87 -0.80888 0.0064 9633
16751.7 952.63 -0.80799 0.00716 9634
16011.87 870.67 -0.8011 0.00717 9635
15283.11 796.74 -0.79641 0.0072 9636
15603.25 636.57 -0.7988 0.00552 9637
15597.11 619.42 -0.80111 0.00537 9638
15763.1 690.91 -0.80471 0.00587 9639
15644.04 836.56 -0.80407 0.00721 9640
15767.32 875.92 -0.80483 0.00744 9641
15273.91 956.74 -0.80329 0.00865 9642
15847.06 891.36 -0.80847 0.00749 9643
15094.96 803.85 -0.80304 0.00745 9644
14865.14 700.8 -0.803 0.00669 9645
15059.21 762.98 -0.80708 0.0071 9646
15495.31 716.37 -0.81046 0.0063 9647
15466.6 655.59 -0.80959 0.00578 9648
15735.24 700.25 -0.81302 0.00597 9649
15409.13 603.21 -0.812 0.00536 9650
15115.16 597.51 -0.81051 0.00552 9651
14738.48 622.08 -0.80828 0.00604 9652
14788.97 544.64 -0.80748 0.00526 9653
14785.57 655.46 -0.80566 0.00633 9654
14920.88 710.39 -0.80602 0.00673 9655
15099.42 743.57 -0.80642 0.00688 9656
15025.32 696.16 -0.80616 0.00651 9657
14789.67 594.52 -0.80462 0.00574 9658
14777.39 563.65 -0.80574 0.00545 9659
14734.35 525.94 -0.80636 0.00511 9660
14735.87 514.32 -0.80658 0.005 9661
14635.36 441.47 -0.8047 0.00435 9662
14756.11 496.51 -0.80539 0.00481 9663
14595.4 530.84 -0.80446 0.00526 9664
14459.15 579.61 -0.80411 0.00585 9665
14616.12 494.43 -0.80538 0.00488 9666
14397.41 493.97 -0.80424 0.00503 9667
14481.57 498.26 -0.80766 0.00501 9668
14416.69 554.29 -0.80698 0.00563 9669
14507.53 547.15 -0.80898 0.00549 9670
14563.45 546.92 -0.81082 0.00544 9671
14721.59 500.49 -0.81225 0.00487 9672
14675.23 440.77 -0.81179 0.00432 9673
14580.08 449.26 -0.81119 0.00446 9674
14341.66 393.21 -0.80972 0.00403 9675
14461.02 459.99 -0.8108 0.00464 9676
14304.32 443.3 -0.81051 0.00457 9677
14174.09 377.38 -0.80964 0.00396 9678
14078.7 396.22 -0.80927 0.00422 9679
14241.39 331.55 -0.81002 0.00345 9680
14331.56 331.92 -0.8118 0.00341 9681
14634.48 335.16 -0.81323 0.0033 9682
14477.61 340.11 -0.81087 0.00342 9683
14468.35 311.67 -0.81203 0.00314 9684
14379.47 291.34 -0.81124 0.00297 9685
14135.94 315.25 -0.80962 0.00333 9686
13880.87 312.26 -0.80711 0.00342 9687
13803.98 349.72 -0.80796 0.00387 9688
13939.64 355.74 -0.8095 0.00386 9689
13859.27 370.72 -0.80885 0.00407 9690
13483.93 411.24 -0.80526 0.00477 9691
13544.18 382.15 -0.80542 0.0044 9692
13542.65 332.82 -0.80428 0.00383 9693
13432.31 345.03 -0.80498 0.00404 9694
13451.13 321.7 -0.80536 0.00375 9695
13251.38 301.18 -0.80377 0.00362 9696
13031.7 304.99 -0.8031 0.00379 9697
13154.01 312.41 -0.80417 0.00381 9698
13010.93 338.91 -0.80321 0.00422 9699
13044.5 338.23 -0.80416 0.00419 9700
12984.32 345.92 -0.80316 0.00433 9701
12952.07 360.84 -0.80302 0.00454 9702
13194.8 362.29 -0.80435 0.00439 9703
13116.77 358.41 -0.80379 0.0044 9704
13300.2 366.1 -0.80464 0.00437 9705
13503.19 361.24 -0.80602 0.00418 9706
13532.12 409.66 -0.80631 0.00472 9707
13541.22 413.47 -0.8073 0.00476 9708
13690.56 386.06 -0.80662 0.00435 9709
13903.91 403.32 -0.80924 0.0044 9710
13848.24 425.41 -0.8081 0.00468 9711
13930.37 376.66 -0.80878 0.0041 9712
13907.28 391.73 -0.80883 0.00427 9713
14046.63 390.8 -0.80935 0.00418 9714
14057.42 378.31 -0.80893 0.00404 9715
14169.09 364.77 -0.8093 0.00383 9716
14574.4 345.92 -0.81152 0.00344 9717
14379.75 314.53 -0.80931 0.00321 9718
14367.61 341.14 -0.80788 0.00349 9719
14354.27 338.72 -0.80869 0.00347 9720
14383.87 301.57 -0.80961 0.00308 9721
14293.91 273.04 -0.80927 0.00282 9722
14497.64 322.03 -0.8099 0.00323 9723
14557.91 392.93 -0.811 0.00391 9724
14291.86 381.25 -0.80975 0.00394 9725
14311.72 383.15 -0.81003 0.00395 9726
14063.36 350.31 -0.80729 0.00374 9727
14035.15 330.41 -0.80651 0.00354 9728
13884.67 323.89 -0.80491 0.00355 9729
13712.01 298.2 -0.80355 0.00335 9730
13878.73 351.37 -0.80545 0.00385 9731
13630.78 369.4 -0.80411 0.0042 9732
13604.1 400.66 -0.80443 0.00457 9733
13968.9 353.57 -0.80685 0.00382 9734
13950.22 364.79 -0.80613 0.00396 9735
13998.44 357.99 -0.80622 0.00386 9736
14032.96 330.02 -0.80601 0.00354 9737
13810.84 325.6 -0.8058 0.0036 9738
14000.33 299.32 -0.80548 0.00322 9739
14051.99 291.93 -0.80371 0.00312 9740
14106.95 291.07 -0.80373 0.00309 9741
14526.58 309.47 -0.80738 0.00309 9742
14561.08 333.84 -0.80705 0.00332 9743
14804.87 382.02 -0.80855 0.00368 9744
15003.99 371.09 -0.80871 0.00348 9745
14912.91 328.6 -0.80742 0.00312 9746
14965.11 348.56 -0.80732 0.00328 9747
15076.74 360.43 -0.80829 0.00335 9748
14590.55 391.45 -0.80555 0.00388 9749
14613.25 391.44 -0.80567 0.00387 9750
14590.5 419.4 -0.80478 0.00416 9751
14588.7 436.77 -0.80619 0.00433 9752
14840.8 501.0 -0.80759 0.0048 9753
14757.62 506.05 -0.8073 0.0049 9754
14515.3 529.74 -0.80633 0.00531 9755
14715.92 472.46 -0.80827 0.0046 9756
14734.15 499.65 -0.80751 0.00486 9757
14874.15 506.35 -0.80827 0.00483 9758
14886.49 540.72 -0.80887 0.00515 9759
14760.63 533.08 -0.80968 0.00516 9760
14613.25 539.35 -0.80882 0.00533 9761
14687.75 495.94 -0.8097 0.00485 9762
14504.13 506.36 -0.80864 0.00508 9763
14581.38 461.73 -0.80878 0.00458 9764
14598.51 449.98 -0.80939 0.00446 9765
14756.86 445.63 -0.8114 0.00432 9766
14889.68 425.24 -0.81041 0.00405 9767
14432.41 414.34 -0.80713 0.0042 9768
14492.32 395.87 -0.80898 0.00398 9769
14749.03 384.61 -0.80926 0.00373 9770
14780.78 417.63 -0.8098 0.00403 9771
14619.31 434.79 -0.80844 0.00429 9772
14543.92 504.74 -0.80841 0.00504 9773
14186.95 407.3 -0.8064 0.00427 9774
14182.7 432.59 -0.80561 0.00454 9775
14477.18 405.78 -0.80772 0.00409 9776
14510.87 361.08 -0.80822 0.00362 9777
14772.2 334.19 -0.80998 0.00323 9778
14904.86 395.21 -0.81183 0.00375 9779
14793.97 390.2 -0.81148 0.00376 9780
14640.78 408.04 -0.81099 0.00402 9781
14904.57 386.82 -0.81245 0.00367 9783
14793.84 377.0 -0.81089 0.00364 9784
14816.61 402.12 -0.81232 0.00387 9785
14745.01 426.06 -0.80975 0.00414 9786
14745.87 406.1 -0.81003 0.00394 9787
14870.73 426.98 -0.81105 0.00407 9788
15685.38 438.71 -0.81479 0.00376 9790
15522.37 527.55 -0.81442 0.00462 9791
15443.77 534.16 -0.81365 0.00473 9792
15200.3 436.41 -0.81197 0.00399 9793
15266.91 402.09 -0.81226 0.00364 9795
15546.39 376.93 -0.81391 0.00329 9797
15530.67 460.43 -0.81499 0.00403 9798
15550.17 443.72 -0.81572 0.00387 9799
15448.85 483.93 -0.81487 0.00428 9800
