86882328232.23 5.725355116619882e+17 -0.8082 0 8956
89144063585.91 6.321382747270044e+17 -0.8082 0 8957
141128539042.21 1.3028657718275474e+18 -0.8082 0 8958
84949305011.92 5.4375460116102054e+17 -0.8082 0 8959
129546522698.21 9.651675573923107e+17 -0.8082 0 8960
135515366569.27 8.472483555110358e+17 -0.8082 0 8961
171951457158.65 1.2145238291205663e+18 -0.8082 0 8962
252522098526.9 1.7607679078970775e+18 -0.8082 0 8963
310869395644.64 2.0488286480293033e+18 -0.8082 0 8964
490040495657.48 2.611393924824021e+18 -0.8082 0 8965
164649767828.17 2.3374734083845373e+17 -0.8082 0 8966
653829.86 4100595.45 -0.8082 0 8967
72490.15 41104.08 -0.8082 0 8968
53102.85 20678.04 -0.8082 0 8969
50468.22 17077.1 -0.8082 0 8970
42230.73 10815.13 -0.8082 0 8971
31556.46 5512.8 -0.8082 0 8972
27836.63 3439.32 -0.8082 0 8973
23080.53 2047.12 -0.8082 0 8974
21119.01 1572.4 -0.8082 0 8975
20750.52 1413.55 -0.8082 0 8976
19861.76 1212.96 -0.8082 0 8977
18844.46 1009.95 -0.8082 0 8978
18725.25 927.71 -0.8082 0 8979
18930.29 935.47 -0.8082 0 8980
19027.67 818.03 -0.8082 0 8981
17724.23 620.58 -0.8082 0 8982
17065.23 478.66 -0.8082 0 8983
16673.37 410.95 -0.8082 0 8984
16096.45 374.36 -0.8082 0 8985
15961.25 327.68 -0.8082 0 8986
16281.48 257.61 -0.8082 0 8987
15807.56 290.86 -0.8082 0 8988
15561.54 292.08 -0.8082 0 8989
15549.27 275.43 -0.8082 0 8990
15284.97 250.52 -0.8082 0 8991
15310.54 261.6 -0.8082 0 8992
15169.19 279.15 -0.8082 0 8993
14924.31 280.65 -0.8082 0 8994
14786.92 290.26 -0.8082 0 8995
14508.8 323.99 -0.8082 0 8996
14683.56 286.33 -0.8082 0 8997
14859.36 246.3 -0.8082 0 8998
14921.99 246.4 -0.8082 0 8999
14823.69 276.51 -0.8082 0 9000
14669.7 306.34 -0.8082 0 9001
14283.5 280.51 -0.8082 0 9002
14131.76 233.71 -0.8082 0 9003
14498.27 221.21 -0.8082 0 9004
14571.65 246.79 -0.8082 0 9005
14559.96 232.25 -0.8082 0 9006
14591.43 210.45 -0.8082 0 9007
14585.77 212.01 -0.8082 0 9008
14684.84 235.03 -0.8082 0 9009
14686.16 215.14 -0.8082 0 9010
14893.62 240.52 -0.8082 0 9011
14916.53 234.53 -0.8082 0 9012
14859.04 255.23 -0.8082 0 9013
14898.74 249.0 -0.8082 0 9014
14865.29 210.86 -0.8082 0 9015
14933.94 215.46 -0.8082 0 9016
15005.32 219.65 -0.8082 0 9017
15157.44 231.75 -0.8082 0 9018
14798.02 241.81 -0.8082 0 9019
14534.01 210.58 -0.8082 0 9020
14821.95 205.65 -0.8082 0 9021
14710.63 265.04 -0.8082 0 9022
14731.12 263.82 -0.8082 0 9023
14781.72 290.58 -0.8082 0 9024
14808.15 312.03 -0.8082 0 9025
14758.23 319.61 -0.8082 0 9026
14623.93 336.35 -0.8082 0 9027
14555.46 360.74 -0.8082 0 9028
14457.99 349.79 -0.8082 0 9029
14577.15 348.19 -0.8082 0 9030
14523.53 339.95 -0.8082 0 9031
14800.68 326.04 -0.8082 0 9032
15077.19 330.59 -0.8082 0 9033
15646.73 350.93 -0.8082 0 9034
15728.28 387.12 -0.8082 0 9035
15502.9 374.35 -0.8082 0 9036
15533.68 312.64 -0.8082 0 9037
15532.16 347.58 -0.8082 0 9038
15569.47 313.14 -0.8082 0 9039
15756.38 351.71 -0.8082 0 9040
15797.48 317.76 -0.8082 0 9041
15855.87 295.03 -0.8082 0 9042
15938.31 309.49 -0.8082 0 9043
15874.71 327.28 -0.8082 0 9044
16326.07 378.75 -0.8082 0 9045
16205.57 373.15 -0.8082 0 9046
15980.7 391.6 -0.8082 0 9047
15810.34 371.67 -0.8082 0 9048
15880.89 330.09 -0.8082 0 9049
16250.6 355.03 -0.8082 0 9050
16316.17 370.75 -0.8082 0 9051
16220.74 438.23 -0.8082 0 9052
16508.87 422.87 -0.8082 0 9053
16639.84 446.42 -0.8082 0 9054
16246.0 349.52 -0.8082 0 9055
16228.01 367.4 -0.8082 0 9056
16311.69 330.9 -0.8082 0 9057
16373.72 347.07 -0.8082 0 9058
16506.4 346.8 -0.8082 0 9059
16066.29 273.47 -0.8082 0 9060
16271.5 274.31 -0.8082 0 9061
16353.42 275.5 -0.8082 0 9062
16430.14 271.13 -0.8082 0 9063
16276.02 275.76 -0.8082 0 9064
16179.62 312.27 -0.8082 0 9065
16341.04 326.03 -0.8082 0 9066
16204.98 335.61 -0.8082 0 9067
16107.06 353.48 -0.8082 0 9068
16086.83 380.69 -0.8082 0 9069
16541.9 396.82 -0.8082 0 9070
16529.89 429.94 -0.8082 0 9071
16521.87 468.57 -0.8082 0 9072
16558.32 471.62 -0.8082 0 9073
16505.39 439.39 -0.8082 0 9074
16616.51 454.34 -0.8082 0 9075
16771.91 453.49 -0.8082 0 9076
17045.59 479.09 -0.8082 0 9077
17118.05 454.45 -0.8082 0 9078
16909.08 413.68 -0.8082 0 9079
16663.32 406.71 -0.8082 0 9080
16683.82 361.02 -0.8082 0 9081
17168.08 388.92 -0.8082 0 9082
16970.7 344.41 -0.8082 0 9083
16914.72 272.64 -0.8082 0 9084
16923.12 256.45 -0.8082 0 9085
17131.64 278.87 -0.8082 0 9086
17102.68 245.32 -0.8082 0 9087
17249.45 261.98 -0.8082 0 9088
17422.35 223.19 -0.8082 0 9089
17286.58 276.73 -0.8082 0 9090
17274.6 242.39 -0.8082 0 9091
16854.13 321.58 -0.8082 0 9092
16616.08 346.6 -0.8082 0 9093
16518.4 344.32 -0.8082 0 9094
16448.29 386.29 -0.8082 0 9095
16402.79 375.56 -0.8082 0 9096
16237.22 386.3 -0.8082 0 9097
16439.94 345.73 -0.8082 0 9098
16421.51 359.06 -0.8082 0 9099
16188.37 299.17 -0.8082 0 9100
16013.46 298.07 -0.8082 0 9101
15972.08 325.43 -0.8082 0 9102
15772.97 305.19 -0.8082 0 9103
15816.42 316.41 -0.8082 0 9104
15850.2 287.66 -0.8082 0 9105
16064.63 292.25 -0.8082 0 9106
16263.94 296.5 -0.8082 0 9107
16439.58 239.42 -0.8082 0 9108
16559.38 293.23 -0.8082 0 9109
17079.12 299.57 -0.8082 0 9110
17121.31 353.54 -0.8082 0 9111
17235.09 350.84 -0.8082 0 9112
17132.75 388.97 -0.8082 0 9113
17142.51 385.78 -0.8082 0 9114
17634.23 370.69 -0.8082 0 9115
17747.92 353.47 -0.8082 0 9116
18157.29 324.21 -0.8082 0 9117
18248.27 346.99 -0.8082 0 9118
18349.93 483.37 -0.8082 0 9119
18654.09 534.51 -0.8082 0 9120
18321.53 504.33 -0.8082 0 9121
17971.23 465.12 -0.8082 0 9122
18127.34 480.63 -0.8082 0 9123
18688.15 425.9 -0.8082 0 9124
18885.64 465.55 -0.8082 0 9125
18788.92 449.25 -0.8082 0 9126
18742.53 428.53 -0.8082 0 9127
18608.68 387.82 -0.8082 0 9128
18622.76 377.65 -0.8082 0 9129
18245.16 396.29 -0.8082 0 9130
18336.45 367.56 -0.8082 0 9131
18290.35 326.57 -0.8082 0 9132
18257.2 315.19 -0.8082 0 9133
18609.38 288.52 -0.8082 0 9134
18635.41 271.48 -0.8082 0 9135
18621.79 255.32 -0.8082 0 9136
18881.74 323.35 -0.8082 0 9137
19015.74 368.27 -0.8082 0 9138
18720.01 353.19 -0.8082 0 9139
18408.87 357.31 -0.8082 0 9140
18507.78 377.14 -0.8082 0 9141
18564.54 389.97 -0.8082 0 9142
19279.31 425.19 -0.8082 0 9143
19175.67 435.03 -0.8082 0 9144
19188.4 390.72 -0.8082 0 9145
19029.89 372.75 -0.8082 0 9146
19124.02 383.51 -0.8082 0 9147
19104.91 391.21 -0.8082 0 9148
18314.3 422.02 -0.8082 0 9149
17784.83 382.58 -0.8082 0 9150
17931.27 411.04 -0.8082 0 9151
18106.01 390.51 -0.8082 0 9152
17636.25 422.74 -0.8082 0 9153
17615.25 403.38 -0.8082 0 9154
17731.4 448.79 -0.8082 0 9155
17712.13 419.99 -0.8082 0 9156
17956.66 418.19 -0.8082 0 9157
17491.74 379.08 -0.8082 0 9158
17602.04 386.19 -0.8082 0 9159
17457.33 361.02 -0.8082 0 9160
17471.26 400.21 -0.8082 0 9161
16998.64 413.72 -0.8082 0 9162
17096.16 392.84 -0.8082 0 9163
17223.59 415.18 -0.8082 0 9164
17498.39 452.44 -0.8082 0 9165
17614.83 488.57 -0.8082 0 9166
17744.9 438.16 -0.8082 0 9167
18139.31 474.34 -0.8082 0 9168
18252.86 483.37 -0.8082 0 9169
17948.9 502.2 -0.8082 0 9170
17835.41 451.23 -0.8082 0 9171
17565.39 441.79 -0.8082 0 9172
17635.23 425.78 -0.8082 0 9173
17801.52 509.31 -0.8082 0 9174
17821.21 527.62 -0.8082 0 9175
17914.07 492.42 -0.8082 0 9176
18374.13 486.97 -0.8082 0 9177
18535.63 426.44 -0.8082 0 9178
18859.22 435.62 -0.8082 0 9179
18580.08 416.32 -0.8082 0 9180
18654.86 408.61 -0.8082 0 9181
18480.89 410.32 -0.8082 0 9182
18209.91 418.75 -0.8082 0 9183
18322.52 375.54 -0.8082 0 9184
18753.51 465.44 -0.8082 0 9185
18954.6 509.09 -0.8082 0 9186
19028.95 515.14 -0.8082 0 9187
19111.98 494.52 -0.8082 0 9188
19281.08 406.0 -0.8082 0 9189
19299.82 364.92 -0.8082 0 9190
19730.08 382.83 -0.8082 0 9191
19420.81 347.19 -0.8082 0 9192
19378.61 400.86 -0.8082 0 9193
19345.91 459.98 -0.8082 0 9194
19473.39 423.1 -0.8082 0 9195
19231.2 412.31 -0.8082 0 9196
19203.13 409.82 -0.8082 0 9197
19850.55 420.21 -0.8082 0 9198
19719.33 389.39 -0.8082 0 9199
19730.58 354.8 -0.8082 0 9200
19620.34 390.16 -0.8082 0 9201
19481.02 421.45 -0.8082 0 9202
19579.33 323.22 -0.8082 0 9203
19318.25 342.45 -0.8082 0 9204
19288.43 373.2 -0.8082 0 9205
18907.24 313.64 -0.8082 0 9206
18890.01 355.66 -0.8082 0 9207
18849.02 338.5 -0.8082 0 9208
18810.67 321.77 -0.8082 0 9209
19341.32 381.52 -0.8082 0 9210
19308.2 390.68 -0.8082 0 9211
19418.15 375.14 -0.8082 0 9212
18971.55 369.2 -0.8082 0 9213
18623.3 339.96 -0.8082 0 9214
18393.41 297.92 -0.8082 0 9215
18815.1 385.68 -0.8082 0 9216
18774.6 367.04 -0.8082 0 9217
18891.49 329.18 -0.8082 0 9218
18964.73 362.17 -0.8082 0 9219
19183.77 371.82 -0.8082 0 9220
19357.08 383.83 -0.8082 0 9221
19904.04 478.02 -0.8082 0 9222
20087.99 477.77 -0.8082 0 9223
19650.03 412.18 -0.8082 0 9224
19346.26 366.73 -0.8082 0 9225
19455.72 355.18 -0.8082 0 9226
19801.95 369.95 -0.8082 0 9227
19500.75 343.62 -0.8082 0 9228
19317.97 319.87 -0.8082 0 9229
19064.93 332.58 -0.8082 0 9230
18691.65 318.38 -0.8082 0 9231
18980.21 370.1 -0.8082 0 9232
18491.31 354.03 -0.8082 0 9233
18425.07 377.21 -0.8082 0 9234
18229.33 414.24 -0.8082 0 9235
18235.17 418.88 -0.8082 0 9236
17844.41 397.66 -0.8082 0 9237
17692.52 366.02 -0.8082 0 9238
17574.91 349.68 -0.8082 0 9239
17583.37 321.65 -0.8082 0 9240
17553.83 374.93 -0.8082 0 9241
17056.34 382.72 -0.8082 0 9242
17133.52 403.51 -0.8082 0 9243
17198.74 412.2 -0.8082 0 9244
17307.14 415.47 -0.8082 0 9245
17088.84 362.42 -0.8082 0 9246
16846.74 350.84 -0.8082 0 9247
17079.72 318.37 -0.8082 0 9248
17240.93 355.13 -0.8082 0 9249
17513.6 344.53 -0.8082 0 9250
17197.39 306.77 -0.8082 0 9251
17017.66 290.02 -0.8082 0 9252
16931.09 274.96 -0.8082 0 9253
17308.78 299.75 -0.8082 0 9254
17205.28 321.93 -0.8082 0 9255
17298.59 294.08 -0.8082 0 9256
17617.04 319.61 -0.8082 0 9257
17503.45 293.91 -0.8082 0 9258
17908.06 267.23 -0.8082 0 9259
17950.78 241.34 -0.8082 0 9260
18119.45 272.32 -0.8082 0 9261
18242.04 265.57 -0.8082 0 9262
18295.93 288.86 -0.8082 0 9263
18177.78 265.8 -0.8082 0 9264
17753.15 217.81 -0.8082 0 9265
17922.36 230.93 -0.8082 0 9266
18064.54 288.83 -0.8082 0 9267
17963.76 306.31 -0.8082 0 9268
17944.84 324.75 -0.8082 0 9269
17924.62 269.18 -0.8082 0 9270
17839.97 281.52 -0.8082 0 9271
17548.86 304.68 -0.8082 0 9272
17605.26 261.11 -0.8082 0 9273
17203.32 247.99 -0.8082 0 9274
17411.01 276.67 -0.8082 0 9275
17500.9 337.88 -0.8082 0 9276
17514.87 420.3 -0.8082 0 9277
17514.87 438.5 -0.8082 0 9278
17469.79 404.89 -0.8082 0 9279
18033.15 399.23 -0.8082 0 9280
17657.13 367.91 -0.8082 0 9281
17776.24 392.78 -0.8082 0 9282
17816.56 378.86 -0.8082 0 9283
17599.62 446.87 -0.8082 0 9284
17430.59 397.48 -0.8082 0 9285
17381.23 381.9 -0.8082 0 9286
17505.33 380.37 -0.8082 0 9287
17656.18 397.0 -0.8082 0 9288
17719.97 424.04 -0.8082 0 9289
17415.47 367.08 -0.8082 0 9290
17266.22 317.61 -0.8082 0 9291
17123.48 344.28 -0.8082 0 9292
17222.75 305.49 -0.8082 0 9293
17119.17 318.67 -0.8082 0 9294
16852.98 263.63 -0.8082 0 9295
17093.35 274.7 -0.8082 0 9296
17259.38 244.96 -0.8082 0 9297
17358.29 268.09 -0.8082 0 9298
17311.18 221.59 -0.8082 0 9299
17193.1 211.54 -0.8082 0 9300
17561.36 234.39 -0.8082 0 9301
17991.39 240.43 -0.8082 0 9302
18295.1 241.87 -0.8082 0 9303
18436.2 253.8 -0.8082 0 9304
18308.41 236.84 -0.8082 0 9305
18445.72 270.25 -0.8082 0 9306
18741.68 282.27 -0.8082 0 9307
18825.05 258.39 -0.8082 0 9308
19118.51 238.95 -0.8082 0 9309
18586.73 268.65 -0.8082 0 9310
18762.66 241.27 -0.8082 0 9311
18727.96 268.01 -0.8082 0 9313
18857.37 286.28 -0.8082 0 9314
19017.83 318.31 -0.8082 0 9315
18645.02 337.77 -0.8082 0 9316
18064.95 301.29 -0.8082 0 9317
17514.43 299.1 -0.8082 0 9318
17508.62 353.53 -0.8082 0 9320
17712.1 343.59 -0.8082 0 9321
17753.72 347.06 -0.8082 0 9322
17640.69 380.93 -0.8082 0 9323
17534.42 369.06 -0.8082 0 9324
18082.43 408.59 -0.8082 0 9325
18250.88 354.89 -0.8082 0 9327
18481.72 379.06 -0.8082 0 9328
18600.89 388.64 -0.8082 0 9329
18750.41 408.81 -0.8082 0 9330
18897.07 446.09 -0.8082 0 9331
19098.19 476.2 -0.8082 0 9332
19183.1 465.21 -0.8082 0 9333
19197.68 505.14 -0.8082 0 9334
18996.29 489.88 -0.8082 0 9335
18826.09 465.38 -0.8082 0 9336
18781.99 470.25 -0.8082 0 9337
18752.07 331.76 -0.8082 0 9338
18714.12 351.62 -0.8082 0 9339
18356.87 392.21 -0.8082 0 9341
18180.89 382.45 -0.8082 0 9342
17638.69 455.33 -0.8082 0 9343
17516.59 414.17 -0.8082 0 9344
17506.75 403.29 -0.8082 0 9345
17206.04 359.7 -0.8082 0 9346
17389.89 437.49 -0.8082 0 9348
17371.32 500.12 -0.8082 0 9349
17714.02 467.5 -0.8082 0 9350
17978.01 471.75 -0.8082 0 9351
17495.53 459.1 -0.8082 0 9352
17742.31 431.67 -0.8082 0 9353
17774.59 368.71 -0.8082 0 9355
17932.76 331.4 -0.8082 0 9356
17836.56 304.3 -0.8082 0 9357
17979.1 293.36 -0.8082 0 9358
18099.91 307.37 -0.8082 0 9359
18022.2 352.22 -0.8082 0 9360
17906.29 413.74 -0.8082 0 9361
18009.53 375.98 -0.8082 0 9362
17881.61 337.77 -0.8082 0 9363
17895.04 297.49 -0.8082 0 9364
17752.96 295.65 -0.8082 0 9365
17423.67 267.62 -0.8082 0 9366
17630.67 316.62 -0.8082 0 9367
17166.03 310.51 -0.8082 0 9368
17079.13 326.91 -0.8082 0 9369
17381.68 318.79 -0.8082 0 9370
17199.27 326.86 -0.8082 0 9371
17179.1 329.54 -0.8082 0 9372
17036.27 349.45 -0.8082 0 9373
16669.93 310.37 -0.8082 0 9374
17136.36 332.42 -0.8082 0 9375
17342.53 338.39 -0.8082 0 9376
17247.66 345.68 -0.8082 0 9377
17225.2 348.99 -0.8082 0 9378
17050.82 336.54 -0.8082 0 9379
17195.74 348.15 -0.8082 0 9380
17089.9 318.48 -0.8082 0 9381
17602.15 381.85 -0.8082 0 9382
17765.89 373.26 -0.8082 0 9383
17925.26 371.38 -0.8082 0 9384
17734.83 309.77 -0.8082 0 9385
17998.28 305.31 -0.8082 0 9386
17979.13 268.32 -0.8082 0 9387
18557.88 320.31 -0.8082 0 9388
18955.26 282.58 -0.8082 0 9389
18411.45 295.45 -0.8082 0 9390
18237.41 327.16 -0.8082 0 9391
17937.76 398.39 -0.8082 0 9392
17712.23 445.14 -0.8082 0 9393
17934.92 417.07 -0.8082 0 9394
17905.86 468.82 -0.8082 0 9395
18641.15 423.62 -0.8082 0 9396
18331.67 513.25 -0.8082 0 9397
18067.54 437.91 -0.8082 0 9398
17985.04 435.16 -0.8082 0 9399
17815.15 385.18 -0.8082 0 9400
17631.57 403.64 -0.8082 0 9401
17769.83 417.02 -0.8082 0 9402
17225.44 335.35 -0.8082 0 9403
17140.83 403.77 -0.8082 0 9404
17544.85 372.91 -0.8082 0 9405
17580.67 389.01 -0.8082 0 9406
17465.37 303.87 -0.8082 0 9407
18034.88 265.34 -0.8082 0 9408
17902.74 277.5 -0.8082 0 9409
17960.33 286.83 -0.8082 0 9410
17725.73 378.59 -0.8082 0 9411
17455.34 382.2 -0.8082 0 9412
17988.07 372.06 -0.8082 0 9413
18181.1 382.24 -0.8082 0 9414
18065.82 354.5 -0.8082 0 9415
17990.96 351.92 -0.8082 0 9416
18231.14 375.6 -0.8082 0 9417
18452.71 411.11 -0.8082 0 9418
18443.07 344.42 -0.8082 0 9419
18052.94 383.21 -0.8082 0 9421
18163.06 410.5 -0.8082 0 9422
18336.34 464.83 -0.8082 0 9423
18496.16 420.61 -0.8082 0 9424
18377.02 396.79 -0.8082 0 9425
18085.94 302.81 -0.8082 0 9426
18140.86 319.0 -0.8082 0 9428
18083.65 285.25 -0.8082 0 9429
18106.77 329.08 -0.8082 0 9430
18356.45 381.38 -0.8082 0 9431
17874.96 387.66 -0.8082 0 9432
17839.5 408.52 -0.8082 0 9433
17778.89 570.93 -0.8082 0 9435
17895.84 503.12 -0.8082 0 9436
18082.69 460.57 -0.8082 0 9437
17815.81 469.52 -0.8082 0 9438
17642.51 486.43 -0.8082 0 9439
17403.79 465.74 -0.8082 0 9440
17379.62 455.53 -0.8082 0 9441
17004.07 460.52 -0.8082 0 9442
16932.81 421.02 -0.8082 0 9443
16795.32 486.34 -0.8082 0 9444
16855.84 450.4 -0.8082 0 9445
16723.99 403.32 -0.8082 0 9446
16881.13 345.29 -0.8082 0 9447
16807.17 324.15 -0.8082 0 9448
17082.32 302.87 -0.8082 0 9449
17050.48 258.81 -0.8082 0 9450
17378.0 233.91 -0.8082 0 9451
17592.46 232.7 -0.8082 0 9452
17478.64 229.22 -0.8082 0 9453
17722.82 305.67 -0.8082 0 9454
18361.96 326.23 -0.8082 0 9455
18394.35 302.04 -0.8082 0 9456
18781.41 298.26 -0.8082 0 9457
19012.69 339.01 -0.8082 0 9458
18965.01 308.24 -0.8082 0 9459
19090.16 291.85 -0.8082 0 9460
19115.51 275.92 -0.8082 0 9461
19633.81 344.37 -0.8082 0 9462
19794.75 422.23 -0.8082 0 9463
19675.56 439.98 -0.8082 0 9464
19905.17 450.68 -0.8082 0 9465
19721.27 488.81 -0.8082 0 9466
19312.54 498.28 -0.8082 0 9467
19308.23 527.08 -0.8082 0 9468
18950.9 479.18 -0.8082 0 9471
18731.47 434.72 -0.8082 0 9472
18559.18 410.58 -0.8082 0 9473
18817.76 446.65 -0.8082 0 9474
18450.83 428.09 -0.8082 0 9475
17540.57 496.41 -0.8082 0 9478
17372.27 507.79 -0.8082 0 9479
16929.72 524.17 -0.8082 0 9480
17004.66 591.35 -0.8082 0 9481
16964.22 594.31 -0.8082 0 9482
17384.09 637.65 -0.8082 0 9486
17135.52 621.71 -0.8082 0 9487
17073.07 588.9 -0.8082 0 9488
16871.56 554.44 -0.8082 0 9489
17142.19 524.76 -0.8082 0 9490
17588.16 526.32 -0.8082 0 9491
17411.44 391.32 -0.8082 0 9493
17608.71 328.06 -0.8082 0 9494
17590.96 338.26 -0.8082 0 9495
17398.82 316.86 -0.8082 0 9496
17650.97 313.51 -0.8082 0 9497
17279.02 326.55 -0.8082 0 9498
17095.64 323.96 -0.8082 0 9500
16973.93 288.45 -0.8082 0 9501
17117.65 275.27 -0.8082 0 9502
17227.18 314.62 -0.8082 0 9503
17128.46 248.89 -0.8082 0 9504
17056.76 256.06 -0.8082 0 9505
16762.34 225.06 -0.8082 0 9506
17074.47 193.5 -0.8082 0 9507
17085.41 228.97 -0.8082 0 9508
17189.6 230.53 -0.8082 0 9509
17428.63 257.54 -0.8082 0 9510
17601.74 286.54 -0.8082 0 9511
17299.87 338.44 -0.8082 0 9512
17322.65 356.85 -0.8082 0 9513
17670.47 369.31 -0.8082 0 9514
17520.67 322.26 -0.8082 0 9515
17768.39 368.45 -0.8082 0 9516
17691.38 378.73 -0.8082 0 9517
17731.89 346.58 -0.8082 0 9518
18003.31 396.16 -0.8082 0 9519
17865.85 355.58 -0.8082 0 9520
18072.63 429.93 -0.8082 0 9521
18112.62 444.0 -0.8082 0 9522
18144.27 426.23 -0.8082 0 9523
17818.49 453.71 -0.8082 0 9524
17535.84 378.43 -0.8082 0 9525
17446.57 366.07 -0.8082 0 9526
17816.05 330.73 -0.8082 0 9527
17467.66 381.33 -0.8082 0 9528
17335.5 398.73 -0.8082 0 9529
17575.22 436.88 -0.8082 0 9530
17521.86 382.02 -0.8082 0 9531
17482.07 394.18 -0.8082 0 9532
17591.04 395.49 -0.8082 0 9533
17928.23 446.24 -0.8082 0 9534
18147.37 469.69 -0.8082 0 9535
17926.78 443.92 -0.8082 0 9536
17824.86 437.77 -0.8082 0 9537
18154.47 513.58 -0.8082 0 9538
18540.88 451.16 -0.8082 0 9539
19068.14 414.68 -0.8082 0 9540
18911.85 438.11 -0.8082 0 9541
18836.22 399.59 -0.8082 0 9542
19355.21 433.16 -0.8082 0 9543
19720.12 463.44 -0.8082 0 9544
19331.68 458.64 -0.8082 0 9545
19248.65 476.2 -0.8082 0 9546
19636.75 453.22 -0.8082 0 9547
19451.74 483.8 -0.8082 0 9548
18985.91 454.3 -0.8082 0 9549
18870.99 437.52 -0.8082 0 9550
19090.2 402.12 -0.8082 0 9551
18990.95 436.23 -0.8082 0 9552
18331.21 441.68 -0.8082 0 9553
17917.3 440.66 -0.8082 0 9554
17656.01 453.08 -0.8082 0 9555
17587.13 516.17 -0.8082 0 9556
17403.44 518.16 -0.8082 0 9557
17432.68 520.69 -0.8082 0 9558
16872.5 468.27 -0.8082 0 9559
17010.82 439.13 -0.8082 0 9560
16875.66 437.41 -0.8082 0 9561
16622.08 437.98 -0.8082 0 9562
16496.75 384.52 -0.8082 0 9563
16577.77 434.85 -0.8082 0 9564
16844.63 431.94 -0.8082 0 9565
16886.52 465.81 -0.8082 0 9566
17017.55 471.28 -0.8082 0 9567
17343.03 363.47 -0.8082 0 9568
17519.95 366.53 -0.8082 0 9569
17333.0 365.04 -0.8082 0 9570
17299.5 353.28 -0.8082 0 9571
17396.83 325.45 -0.8082 0 9572
17386.75 349.63 -0.8082 0 9573
17601.72 291.18 -0.8082 0 9574
17643.55 264.09 -0.8082 0 9575
17739.54 239.88 -0.8082 0 9576
17666.93 227.06 -0.8082 0 9577
17805.62 275.02 -0.8082 0 9578
17686.73 286.4 -0.8082 0 9579
17525.31 289.75 -0.8082 0 9580
17563.76 332.94 -0.8082 0 9581
17407.04 291.9 -0.8082 0 9582
17088.1 307.49 -0.8082 0 9583
17100.8 337.52 -0.8082 0 9584
17133.73 354.52 -0.8082 0 9585
17309.43 360.99 -0.8082 0 9586
17533.86 338.75 -0.8082 0 9587
17276.2 376.45 -0.8082 0 9588
17975.01 454.8 -0.8082 0 9589
18147.52 538.89 -0.8082 0 9590
18100.59 530.39 -0.8082 0 9591
18231.71 582.82 -0.8082 0 9592
18084.03 565.86 -0.8082 0 9593
18085.84 553.69 -0.8082 0 9594
17917.69 457.05 -0.8082 0 9595
17545.99 430.72 -0.8082 0 9596
17618.11 400.23 -0.8082 0 9597
18793.95 396.79 -0.8082 0 9598
18880.61 373.92 -0.8082 0 9599
18750.0 373.95 -0.8082 0 9600
18532.4 338.25 -0.8082 0 9601
18180.91 376.24 -0.8082 0 9602
17990.19 380.19 -0.8082 0 9603
17430.72 300.2 -0.8082 0 9604
17275.95 316.27 -0.8082 0 9605
17335.11 271.56 -0.8082 0 9606
17164.59 322.05 -0.8082 0 9607
17065.86 355.79 -0.8082 0 9608
17251.7 339.11 -0.8082 0 9609
17476.39 346.94 -0.8082 0 9610
17509.16 379.99 -0.8082 0 9611
17540.71 349.57 -0.8082 0 9612
16977.9 382.56 -0.8082 0 9613
16891.79 441.71 -0.8082 0 9614
17069.42 555.93 -0.8082 0 9615
17178.27 549.37 -0.8082 0 9616
17010.7 512.49 -0.8082 0 9617
17136.22 513.46 -0.8082 0 9618
17168.91 537.19 -0.8082 0 9619
17109.09 453.35 -0.8082 0 9620
17267.53 434.02 -0.8082 0 9621
17417.03 374.13 -0.8082 0 9622
17533.03 334.49 -0.8082 0 9623
17349.72 294.59 -0.8082 0 9624
17218.77 305.63 -0.8082 0 9625
17193.52 324.81 -0.8082 0 9626
17192.68 269.67 -0.8082 0 9627
16982.19 302.19 -0.8082 0 9628
17012.42 271.18 -0.8082 0 9629
17065.5 355.5 -0.8082 0 9630
17098.1 351.04 -0.8082 0 9631
17021.09 376.53 -0.8082 0 9632
16667.43 336.22 -0.8082 0 9633
16777.41 381.2 -0.8082 0 9634
16838.96 394.46 -0.8082 0 9635
16574.1 400.69 -0.8082 0 9636
16658.95 311.91 -0.8082 0 9637
16380.08 285.4 -0.8082 0 9638
16147.45 292.05 -0.8082 0 9639
16092.96 356.34 -0.8082 0 9640
16138.03 368.13 -0.8082 0 9641
15785.41 411.28 -0.8082 0 9642
15817.33 354.26 -0.8082 0 9643
15620.85 347.95 -0.8082 0 9644
15379.45 304.23 -0.8082 0 9645
15169.53 309.05 -0.8082 0 9646
15264.65 278.32 -0.8082 0 9647
15324.04 257.14 -0.8082 0 9648
15235.35 266.59 -0.8082 0 9649
15028.95 232.07 -0.8082 0 9650
14890.65 232.45 -0.8082 0 9651
14730.58 247.89 -0.8082 0 9652
14857.19 219.39 -0.8082 0 9653
15029.94 271.4 -0.8082 0 9654
15133.72 292.38 -0.8082 0 9655
15276.82 304.2 -0.8082 0 9656
15227.36 286.01 -0.8082 0 9657
15135.92 251.07 -0.8082 0 9658
15013.3 233.4 -0.8082 0 9659
14909.46 215.6 -0.8082 0 9660
14889.37 210.08 -0.8082 0 9661
14966.3 187.44 -0.8082 0 9662
15024.92 207.28 -0.8082 0 9663
14948.51 225.24 -0.8082 0 9664
14838.76 246.8 -0.8082 0 9665
14880.92 206.33 -0.8082 0 9666
14760.75 210.65 -0.8082 0 9667
14530.69 200.18 -0.8082 0 9668
14526.91 224.8 -0.8082 0 9669
14436.7 216.26 -0.8082 0 9670
14327.32 212.51 -0.8082 0 9671
14351.68 193.35 -0.8082 0 9672
14348.53 171.28 -0.8082 0 9673
14310.2 174.79 -0.8082 0 9674
14207.63 154.55 -0.8082 0 9675
14230.02 179.22 -0.8082 0 9676
14103.32 173.12 -0.8082 0 9677
14050.03 148.46 -0.8082 0 9678
13987.86 156.3 -0.8082 0 9679
14083.4 130.34 -0.8082 0 9680
14019.04 130.56 -0.8082 0 9681
14183.26 133.43 -0.8082 0 9682
14240.12 133.45 -0.8082 0 9683
14130.35 123.38 -0.8082 0 9684
14112.57 115.16 -0.8082 0 9685
14014.39 124.23 -0.8082 0 9686
13972.38 126.57 -0.8082 0 9687
13823.8 139.93 -0.8082 0 9688
13831.08 140.15 -0.8082 0 9689
13805.41 146.84 -0.8082 0 9690
13719.14 171.61 -0.8082 0 9691
13768.44 159.28 -0.8082 0 9692
13860.29 143.05 -0.8082 0 9693
13687.94 145.43 -0.8082 0 9694
13676.88 134.77 -0.8082 0 9695
13596.56 131.65 -0.8082 0 9696
13416.73 135.28 -0.8082 0 9697
13462.71 134.55 -0.8082 0 9698
13386.44 148.55 -0.8082 0 9699
13348.78 144.89 -0.8082 0 9700
13362.12 151.54 -0.8082 0 9701
13338.98 158.1 -0.8082 0 9702
13490.74 154.27 -0.8082 0 9703
13452.97 154.54 -0.8082 0 9704
13578.23 155.0 -0.8082 0 9705
13677.37 148.96 -0.8082 0 9706
13683.38 167.84 -0.8082 0 9707
13613.21 166.87 -0.8082 0 9708
13819.83 157.5 -0.8082 0 9709
13817.63 159.15 -0.8082 0 9710
13856.62 169.91 -0.8082 0 9711
13882.06 149.3 -0.8082 0 9712
13854.68 155.18 -0.8082 0 9713
13949.41 154.07 -0.8082 0 9714
13995.63 149.73 -0.8082 0 9715
14074.65 143.9 -0.8082 0 9716
14275.67 135.79 -0.8082 0 9717
14281.64 124.17 -0.8082 0 9718
14395.79 136.65 -0.8082 0 9719
14310.71 134.38 -0.8082 0 9720
14259.15 118.91 -0.8082 0 9721
14200.0 107.92 -0.8082 0 9722
14344.66 126.73 -0.8082 0 9723
14305.59 153.5 -0.8082 0 9724
14155.94 149.85 -0.8082 0 9725
14151.85 150.34 -0.8082 0 9726
14141.56 141.54 -0.8082 0 9727
14180.31 135.39 -0.8082 0 9728
14163.93 137.63 -0.8082 0 9729
14100.95 132.38 -0.8082 0 9730
14111.44 146.95 -0.8082 0 9731
13967.26 158.76 -0.8082 0 9732
13912.41 170.29 -0.8082 0 9733
14083.96 143.88 -0.8082 0 9734
14126.5 150.35 -0.8082 0 9735
14168.4 147.37 -0.8082 0 9736
14221.45 136.64 -0.8082 0 9737
14011.49 135.33 -0.8082 0 9738
14234.79 125.86 -0.8082 0 9739
14445.55 129.95 -0.8082 0 9740
14502.61 129.68 -0.8082 0 9741
14601.4 124.97 -0.8082 0 9742
14667.0 135.57 -0.8082 0 9743
14771.61 151.75 -0.8082 0 9744
14954.39 147.15 -0.8082 0 9745
14988.39 132.65 -0.8082 0 9746
15051.09 140.93 -0.8082 0 9747
15067.45 143.61 -0.8082 0 9748
14838.14 163.58 -0.8082 0 9749
14850.52 163.17 -0.8082 0 9750
14912.1 178.02 -0.8082 0 9751
14776.27 179.81 -0.8082 0 9752
14898.85 201.51 -0.8082 0 9753
14842.85 204.4 -0.8082 0 9754
14687.97 217.13 -0.8082 0 9755
14709.72 188.32 -0.8082 0 9756
14798.72 201.18 -0.8082 0 9757
14867.1 201.8 -0.8082 0 9758
14822.19 213.95 -0.8082 0 9759
14622.95 209.18 -0.8082 0 9760
14555.95 213.55 -0.8082 0 9761
14548.75 194.63 -0.8082 0 9762
14464.1 200.92 -0.8082 0 9763
14528.35 182.94 -0.8082 0 9764
14489.62 177.19 -0.8082 0 9765
14461.67 173.31 -0.8082 0 9766
14681.26 166.27 -0.8082 0 9767
14529.01 167.81 -0.8082 0 9768
14421.98 156.56 -0.8082 0 9769
14650.16 151.72 -0.8082 0 9770
14630.76 163.95 -0.8082 0 9771
14597.0 172.93 -0.8082 0 9772
14524.82 200.83 -0.8082 0 9773
14344.93 166.93 -0.8082 0 9774
14411.18 179.77 -0.8082 0 9775
14521.01 162.92 -0.8082 0 9776
14509.42 144.01 -0.8082 0 9777
14606.59 131.43 -0.8082 0 9778
14563.84 154.39 -0.8082 0 9779
14490.47 152.45 -0.8082 0 9780
14387.03 159.27 -0.8082 0 9781
14507.67 151.53 -0.8082 0 9783
14543.36 147.54 -0.8082 0 9784
14435.51 157.0 -0.8082 0 9785
14600.96 167.31 -0.8082 0 9786
14575.81 159.23 -0.8082 0 9787
14603.69 166.48 -0.8082 0 9788
15014.38 173.49 -0.8082 0 9790
14900.7 203.45 -0.8082 0 9791
14901.21 205.58 -0.8082 0 9792
14833.08 169.85 -0.8082 0 9793
14868.5 157.31 -0.8082 0 9795
14971.74 150.67 -0.8082 0 9797
14853.38 180.79 -0.8082 0 9798
14802.36 176.38 -0.8082 0 9799
14790.25 188.5 -0.8082 0 9800
