14016.38 520.87 1.49 0.01 8955
14016.38 527.87 1.49 0.01 8956
14191.77 519.35 1.49 0.01 8957
14494.92 517.83 1.49 0.01 8958
14461.11 574.74 1.49 0.01 8959
14462.58 621.45 1.49 0.01 8960
14415.3 675.25 1.49 0.01 8961
14762.63 655.96 1.48 0.01 8962
14766.84 686.74 1.48 0.01 8963
14588.21 649.35 1.48 0.01 8964
14424.0 610.6 1.48 0.01 8965
14682.22 671.77 1.48 0.01 8966
14607.68 619.62 1.48 0.01 8967
14440.13 634.38 1.48 0.01 8968
14347.31 561.17 1.48 0.01 8969
13928.7 515.45 1.48 0.01 8970
14290.97 525.67 1.47 0.01 8971
13961.79 531.84 1.47 0.01 8972
14024.21 457.89 1.47 0.01 8973
13555.75 476.26 1.47 0.01 8974
12981.6 436.68 1.48 0.01 8975
13143.54 458.7 1.47 0.01 8976
12853.49 470.12 1.48 0.01 8977
12482.8 425.67 1.48 0.01 8978
12053.01 403.44 1.48 0.01 8979
11861.2 406.58 1.48 0.01 8980
11573.32 367.33 1.49 0.01 8981
11435.16 399.86 1.48 0.01 8982
11184.04 387.27 1.49 0.01 8983
11325.09 407.11 1.48 0.01 8984
11365.99 405.34 1.48 0.01 8985
10999.8 396.91 1.49 0.01 8986
11145.72 387.72 1.48 0.01 8987
10886.29 339.24 1.49 0.01 8988
11094.36 334.97 1.48 0.01 8989
11201.85 326.23 1.48 0.01 8990
10854.7 261.49 1.48 0.01 8991
10900.56 265.11 1.48 0.01 8992
11035.37 259.3 1.48 0.0 8993
11175.89 277.32 1.48 0.01 8994
11380.73 315.6 1.47 0.01 8995
11054.52 309.0 1.48 0.01 8996
11008.32 273.54 1.48 0.01 8997
11057.22 279.4 1.48 0.01 8998
10857.47 293.56 1.48 0.01 8999
10865.65 293.08 1.48 0.01 9000
11022.55 320.65 1.48 0.01 9001
11063.47 349.47 1.48 0.01 9002
11108.77 338.95 1.48 0.01 9003
11073.81 303.26 1.48 0.01 9004
11134.07 302.43 1.48 0.01 9005
11368.25 268.06 1.47 0.0 9006
11442.8 266.83 1.47 0.0 9007
11377.28 257.69 1.47 0.0 9008
11246.08 215.48 1.47 0.0 9009
11213.21 207.56 1.47 0.0 9010
11771.01 231.94 1.46 0.0 9011
12066.72 262.6 1.46 0.0 9012
11938.28 255.42 1.47 0.0 9013
11997.94 268.79 1.47 0.0 9014
11987.64 261.63 1.47 0.0 9015
11872.41 272.8 1.47 0.0 9016
11868.2 295.88 1.47 0.0 9017
12001.06 342.91 1.47 0.01 9018
11804.03 314.65 1.47 0.01 9019
11897.68 341.2 1.47 0.01 9020
11882.85 298.25 1.47 0.0 9021
12265.43 326.3 1.47 0.0 9022
12215.78 300.19 1.47 0.0 9023
12403.26 328.58 1.47 0.0 9024
12666.38 342.95 1.47 0.0 9025
12388.51 323.69 1.47 0.0 9026
12145.55 317.59 1.48 0.0 9027
12253.96 340.72 1.47 0.01 9028
11886.62 299.51 1.48 0.0 9029
12222.82 372.75 1.47 0.01 9030
12417.7 379.03 1.47 0.01 9031
12632.2 370.52 1.47 0.01 9032
12396.9 311.74 1.47 0.0 9033
12836.48 380.74 1.46 0.01 9034
12651.97 375.2 1.47 0.01 9035
12645.01 402.97 1.47 0.01 9036
12113.2 347.73 1.47 0.01 9037
12101.37 334.06 1.47 0.01 9038
12125.0 292.1 1.47 0.0 9039
11852.52 280.2 1.48 0.0 9040
11921.9 283.69 1.48 0.0 9041
11872.42 357.19 1.48 0.01 9042
11953.54 368.18 1.48 0.01 9043
11891.8 365.19 1.48 0.01 9044
11710.71 341.11 1.48 0.01 9045
11847.59 325.78 1.48 0.01 9046
11630.62 342.17 1.48 0.01 9047
11758.23 341.97 1.48 0.01 9048
11553.7 310.0 1.49 0.01 9049
11806.18 318.17 1.48 0.01 9050
11920.76 361.81 1.48 0.01 9051
11678.9 355.84 1.49 0.01 9052
11925.99 369.22 1.48 0.01 9053
11936.17 365.67 1.48 0.01 9054
12305.43 350.51 1.47 0.01 9055
12255.22 366.88 1.48 0.01 9056
12425.74 348.68 1.47 0.01 9057
12341.1 348.79 1.47 0.01 9058
12688.46 366.0 1.47 0.01 9059
12437.78 399.85 1.48 0.01 9060
11913.81 369.42 1.48 0.01 9061
11952.66 317.81 1.48 0.01 9062
12049.16 332.17 1.48 0.01 9063
12020.27 377.11 1.48 0.01 9064
11584.54 340.53 1.49 0.01 9065
11387.47 300.72 1.49 0.01 9066
11384.96 351.8 1.49 0.01 9067
11397.33 341.2 1.49 0.01 9068
11119.12 356.51 1.49 0.01 9069
11081.85 334.9 1.5 0.01 9070
11179.8 340.9 1.5 0.01 9071
10949.23 332.68 1.5 0.01 9072
10976.72 301.88 1.5 0.01 9073
11149.63 320.03 1.49 0.01 9074
11349.1 313.79 1.49 0.01 9075
11758.03 345.98 1.49 0.01 9076
11603.22 355.32 1.49 0.01 9077
11599.9 336.74 1.49 0.01 9078
11537.12 350.97 1.49 0.01 9079
11640.31 345.45 1.49 0.01 9080
11763.38 340.98 1.49 0.01 9081
12170.25 347.78 1.48 0.01 9082
12200.83 356.48 1.48 0.01 9083
12502.08 404.71 1.48 0.01 9084
12096.5 386.14 1.48 0.01 9085
12061.51 326.3 1.48 0.01 9086
12389.18 383.12 1.48 0.01 9087
12632.59 440.27 1.48 0.01 9088
12364.61 401.74 1.48 0.01 9089
12200.75 385.06 1.48 0.01 9090
11795.87 395.73 1.49 0.01 9091
11873.84 369.9 1.48 0.01 9092
11885.16 365.31 1.49 0.01 9093
11913.93 353.58 1.48 0.01 9094
11820.19 340.67 1.49 0.01 9095
11999.42 333.02 1.49 0.01 9096
11761.17 306.63 1.49 0.01 9097
11635.42 279.6 1.49 0.0 9098
11582.98 278.22 1.49 0.0 9099
11884.17 311.77 1.49 0.01 9100
12014.53 366.48 1.49 0.01 9101
12080.29 366.59 1.49 0.01 9102
11604.48 355.62 1.5 0.01 9103
11501.4 334.22 1.5 0.01 9104
11707.22 296.75 1.5 0.0 9105
11811.89 306.41 1.5 0.01 9106
11835.1 306.48 1.5 0.01 9107
11948.82 293.42 1.5 0.0 9108
12389.18 317.58 1.49 0.0 9109
12882.78 368.82 1.49 0.01 9110
12976.14 400.81 1.49 0.01 9111
13211.39 437.91 1.49 0.01 9112
13471.57 409.83 1.48 0.01 9113
13475.41 374.21 1.48 0.0 9114
13438.16 369.21 1.48 0.0 9115
13257.3 380.7 1.49 0.0 9116
13249.75 392.94 1.49 0.01 9117
13635.53 427.6 1.48 0.01 9118
13804.03 452.48 1.48 0.01 9119
13491.37 410.26 1.49 0.01 9120
13668.02 444.69 1.48 0.01 9121
13900.49 450.86 1.48 0.01 9122
13890.35 481.02 1.48 0.01 9123
13456.43 411.15 1.49 0.01 9124
13160.73 442.73 1.49 0.01 9125
13192.7 447.59 1.49 0.01 9126
13123.23 403.88 1.49 0.01 9127
13064.31 403.57 1.49 0.01 9128
13176.2 405.71 1.49 0.01 9129
13249.45 379.77 1.49 0.0 9130
13256.53 403.98 1.49 0.01 9131
13210.84 350.14 1.49 0.0 9132
13223.65 352.76 1.49 0.0 9133
13054.62 336.43 1.49 0.0 9134
13215.21 418.43 1.49 0.01 9135
13414.75 515.72 1.48 0.01 9136
13424.67 533.87 1.48 0.01 9137
13231.92 529.07 1.48 0.01 9138
13276.93 532.43 1.48 0.01 9139
13440.36 560.34 1.48 0.01 9140
13622.98 604.0 1.48 0.01 9141
13651.95 612.82 1.48 0.01 9142
13705.33 638.2 1.48 0.01 9143
13893.57 635.2 1.48 0.01 9144
13967.54 579.31 1.47 0.01 9145
14404.88 571.34 1.47 0.01 9146
14291.37 666.84 1.47 0.01 9147
14284.35 567.52 1.47 0.01 9148
14649.39 600.41 1.47 0.01 9149
15142.49 573.7 1.47 0.01 9150
15250.2 532.66 1.46 0.01 9151
15065.86 541.04 1.47 0.01 9152
15321.49 607.18 1.46 0.01 9153
15146.56 575.22 1.46 0.01 9154
15136.3 616.0 1.47 0.01 9155
14568.17 592.33 1.47 0.01 9156
14351.07 511.14 1.47 0.01 9157
14282.55 523.12 1.47 0.01 9158
14406.49 517.93 1.47 0.01 9159
14298.92 507.47 1.47 0.01 9160
14051.86 488.65 1.47 0.01 9161
14196.09 516.93 1.47 0.01 9162
14450.05 493.64 1.47 0.01 9163
14622.16 476.56 1.47 0.01 9164
14627.54 485.44 1.47 0.01 9165
14575.37 501.48 1.47 0.01 9166
14759.24 461.03 1.46 0.0 9167
14612.8 441.2 1.46 0.0 9168
14869.64 437.42 1.46 0.0 9169
14800.51 443.38 1.47 0.0 9170
14974.47 421.35 1.46 0.0 9171
14658.35 424.94 1.47 0.0 9172
14487.44 395.08 1.47 0.0 9173
14225.24 423.11 1.47 0.0 9174
14327.6 406.73 1.47 0.0 9175
14049.21 438.33 1.47 0.01 9176
14256.29 436.57 1.47 0.0 9177
13999.64 474.94 1.47 0.01 9178
14068.5 467.18 1.48 0.01 9179
13641.58 400.4 1.48 0.0 9180
13430.61 405.85 1.48 0.01 9181
13310.16 413.35 1.49 0.01 9182
13368.51 413.98 1.48 0.01 9183
13222.88 387.35 1.49 0.01 9184
13562.94 428.86 1.48 0.01 9185
13726.79 413.29 1.48 0.01 9186
14094.33 428.17 1.48 0.0 9187
14189.75 428.19 1.48 0.0 9188
14295.34 418.58 1.47 0.0 9189
14254.15 458.57 1.48 0.01 9190
14741.79 488.5 1.47 0.01 9191
14410.65 473.52 1.47 0.01 9192
14334.74 500.98 1.47 0.01 9193
14195.58 469.87 1.48 0.01 9194
14331.28 447.73 1.48 0.01 9195
14445.89 493.85 1.47 0.01 9196
14877.53 553.33 1.47 0.01 9197
14996.75 515.03 1.47 0.01 9198
15001.22 468.51 1.47 0.0 9199
15169.07 506.28 1.47 0.01 9200
15101.83 474.44 1.47 0.0 9201
15379.83 472.17 1.46 0.0 9202
15548.83 475.15 1.46 0.0 9203
15604.07 520.4 1.46 0.0 9204
15530.35 482.3 1.46 0.0 9205
15741.03 525.02 1.47 0.0 9206
16056.22 583.6 1.46 0.01 9207
16428.35 627.48 1.46 0.01 9208
16312.9 635.21 1.46 0.01 9209
16259.06 596.4 1.46 0.01 9210
16507.96 655.16 1.46 0.01 9211
16121.95 618.16 1.46 0.01 9212
16005.97 645.21 1.47 0.01 9213
16074.39 656.71 1.47 0.01 9214
15710.96 664.04 1.47 0.01 9215
15521.97 593.66 1.47 0.01 9216
15131.1 585.54 1.48 0.01 9217
14948.63 502.63 1.48 0.01 9218
14598.11 443.74 1.48 0.0 9219
14573.55 485.94 1.48 0.01 9220
14133.91 466.52 1.49 0.01 9221
14066.43 492.22 1.49 0.01 9222
13856.02 448.72 1.49 0.01 9223
14089.86 424.69 1.49 0.0 9224
13782.35 434.65 1.49 0.01 9225
13551.94 501.92 1.5 0.01 9226
13869.48 433.13 1.49 0.01 9227
13724.55 434.79 1.49 0.01 9228
13691.1 400.33 1.49 0.0 9229
13905.85 391.9 1.49 0.0 9230
14119.19 412.67 1.49 0.0 9231
14482.58 448.49 1.48 0.0 9232
14793.5 471.99 1.48 0.0 9233
15119.63 508.49 1.47 0.01 9234
14844.96 504.43 1.47 0.01 9235
15162.04 494.5 1.47 0.0 9236
15313.08 536.89 1.47 0.01 9237
15445.18 542.0 1.47 0.01 9238
15170.53 577.32 1.47 0.01 9239
15440.46 568.09 1.46 0.01 9240
15363.98 543.29 1.46 0.01 9241
15175.08 476.59 1.46 0.0 9242
15125.07 526.99 1.46 0.01 9243
15078.19 554.18 1.46 0.01 9244
14664.69 550.55 1.47 0.01 9245
14271.98 497.26 1.47 0.01 9246
13945.43 440.16 1.48 0.01 9247
13606.09 467.44 1.48 0.01 9248
13988.82 471.44 1.48 0.01 9249
14462.19 462.43 1.47 0.01 9250
13904.89 510.0 1.48 0.01 9251
14071.23 518.16 1.48 0.01 9252
13875.85 513.85 1.48 0.01 9253
13598.1 533.91 1.48 0.01 9254
13784.7 560.78 1.48 0.01 9255
14030.87 558.02 1.48 0.01 9256
13972.88 565.91 1.48 0.01 9257
14067.62 519.53 1.48 0.01 9258
14496.9 509.2 1.47 0.01 9259
15017.28 522.93 1.47 0.01 9260
15344.09 589.71 1.47 0.01 9261
15394.37 577.02 1.47 0.01 9262
15910.02 550.98 1.46 0.01 9263
15131.61 487.63 1.47 0.0 9264
14599.2 511.88 1.48 0.01 9265
14984.5 499.92 1.47 0.01 9266
14445.24 420.38 1.48 0.0 9267
14546.27 458.13 1.48 0.0 9268
14994.51 475.46 1.47 0.0 9269
14911.68 452.89 1.47 0.0 9270
14622.12 469.84 1.48 0.01 9271
14840.03 500.95 1.47 0.01 9272
15153.73 529.53 1.47 0.01 9273
15154.47 550.92 1.47 0.01 9274
14360.84 490.81 1.48 0.01 9275
13811.57 466.88 1.48 0.01 9276
13486.45 441.64 1.48 0.01 9277
13175.01 391.21 1.49 0.01 9278
13393.12 362.42 1.48 0.0 9279
13682.88 391.21 1.48 0.0 9280
13449.29 378.09 1.48 0.0 9281
13293.13 377.74 1.48 0.0 9282
13194.23 405.12 1.49 0.01 9283
13190.11 370.58 1.49 0.0 9284
13272.25 337.76 1.48 0.0 9285
13281.56 338.33 1.48 0.0 9286
13031.97 326.56 1.48 0.0 9287
12924.07 313.8 1.49 0.0 9288
12884.36 314.61 1.48 0.0 9289
12981.5 353.34 1.48 0.0 9290
13372.21 382.92 1.48 0.0 9291
13727.67 401.33 1.48 0.0 9292
13806.0 449.93 1.48 0.01 9293
13904.17 414.19 1.47 0.0 9294
14079.71 482.28 1.47 0.01 9295
14234.29 457.36 1.47 0.01 9296
14591.12 466.1 1.47 0.01 9297
15097.7 522.48 1.46 0.01 9298
15321.46 503.09 1.46 0.0 9299
15225.28 486.15 1.46 0.0 9300
14985.86 433.94 1.47 0.0 9301
15412.56 510.38 1.46 0.0 9302
15525.9 533.35 1.46 0.01 9303
15254.58 606.0 1.47 0.01 9304
16018.09 743.74 1.46 0.01 9305
16096.89 804.9 1.46 0.01 9306
15997.98 777.86 1.46 0.01 9307
16263.9 750.35 1.46 0.01 9308
16292.19 792.46 1.45 0.01 9309
15614.66 720.82 1.46 0.01 9310
15341.1 725.17 1.47 0.01 9311
15517.76 740.48 1.46 0.01 9312
15228.72 759.03 1.47 0.01 9313
14670.72 588.94 1.47 0.01 9314
14520.39 547.49 1.48 0.01 9315
14998.48 606.38 1.47 0.01 9316
14356.34 555.47 1.48 0.01 9317
13817.85 509.1 1.48 0.01 9318
13278.05 408.01 1.49 0.01 9320
13345.88 377.0 1.49 0.0 9321
13372.0 355.56 1.49 0.0 9322
13434.18 328.26 1.49 0.0 9323
13349.43 295.08 1.49 0.0 9324
13374.46 336.09 1.49 0.0 9325
13383.05 347.65 1.49 0.0 9326
13545.28 407.36 1.49 0.01 9327
13460.09 393.08 1.49 0.0 9328
13641.29 447.42 1.48 0.01 9329
13482.77 475.47 1.48 0.01 9330
13203.61 477.57 1.49 0.01 9331
13310.37 484.38 1.49 0.01 9332
13537.72 498.77 1.48 0.01 9333
13359.9 505.41 1.48 0.01 9334
13579.67 535.21 1.48 0.01 9335
13665.17 494.58 1.48 0.01 9336
13650.83 492.57 1.48 0.01 9337
13335.06 449.38 1.48 0.01 9338
13374.72 468.74 1.48 0.01 9339
13533.56 469.46 1.48 0.01 9340
13534.86 476.51 1.48 0.01 9341
13526.1 438.34 1.48 0.01 9342
13332.17 428.39 1.48 0.01 9343
13372.6 462.84 1.48 0.01 9344
13622.92 474.19 1.48 0.01 9345
14071.77 520.83 1.47 0.01 9346
13931.93 510.51 1.47 0.01 9348
14524.17 594.41 1.47 0.01 9349
14599.43 606.5 1.47 0.01 9350
14909.22 677.77 1.47 0.01 9351
14744.32 585.78 1.47 0.01 9352
14713.7 566.7 1.47 0.01 9353
14853.97 541.67 1.47 0.01 9354
15016.43 624.28 1.47 0.01 9355
14906.26 589.59 1.47 0.01 9356
14869.27 586.09 1.47 0.01 9357
14877.87 613.71 1.47 0.01 9358
14505.21 510.26 1.48 0.01 9359
14209.96 477.65 1.48 0.01 9360
13932.17 464.17 1.48 0.01 9361
13787.43 476.92 1.48 0.01 9362
13696.69 502.59 1.48 0.01 9363
13472.95 456.47 1.49 0.01 9364
13132.36 378.02 1.49 0.01 9365
12725.24 370.61 1.5 0.01 9366
12975.72 455.27 1.49 0.01 9367
13150.53 485.19 1.49 0.01 9368
12935.48 485.42 1.49 0.01 9369
12870.35 479.51 1.49 0.01 9370
12909.89 482.06 1.49 0.01 9371
12649.39 432.65 1.49 0.01 9372
12502.16 440.92 1.5 0.01 9373
12612.24 438.78 1.49 0.01 9374
12764.65 448.61 1.49 0.01 9375
13210.72 440.05 1.49 0.01 9376
13363.15 448.97 1.49 0.01 9377
13777.08 465.14 1.48 0.01 9378
14022.14 488.28 1.48 0.01 9379
13995.28 494.51 1.48 0.01 9380
14161.02 495.25 1.47 0.01 9381
13907.64 491.87 1.48 0.01 9382
13845.43 476.94 1.48 0.01 9383
13955.39 491.82 1.48 0.01 9384
13912.58 476.36 1.48 0.01 9385
13789.6 467.69 1.48 0.01 9386
13931.97 480.19 1.47 0.01 9387
13944.95 501.95 1.48 0.01 9388
14033.24 435.81 1.47 0.01 9389
14157.73 440.09 1.47 0.01 9390
13833.58 445.31 1.48 0.01 9391
13848.99 424.57 1.48 0.01 9392
13655.53 449.25 1.48 0.01 9393
13812.07 452.43 1.48 0.01 9394
13786.69 489.55 1.48 0.01 9395
13940.2 502.84 1.48 0.01 9396
14374.79 532.65 1.48 0.01 9397
14224.03 522.26 1.48 0.01 9398
14121.67 508.73 1.48 0.01 9399
14045.6 495.59 1.48 0.01 9400
14105.67 455.26 1.48 0.01 9401
14323.79 417.91 1.48 0.0 9402
14810.99 490.37 1.48 0.01 9403
14599.34 516.09 1.48 0.01 9404
14784.84 457.35 1.47 0.0 9405
14685.5 436.42 1.47 0.0 9406
14534.53 494.88 1.47 0.01 9407
14643.65 505.83 1.47 0.01 9408
14469.16 476.3 1.47 0.01 9409
14513.92 460.9 1.47 0.01 9410
13953.17 426.98 1.48 0.01 9411
13699.5 455.75 1.48 0.01 9412
13723.73 516.02 1.48 0.01 9413
14223.97 522.77 1.48 0.01 9414
14252.08 540.98 1.48 0.01 9415
14635.83 556.25 1.47 0.01 9416
14680.99 548.1 1.47 0.01 9417
14725.75 509.94 1.47 0.01 9418
14876.15 504.76 1.47 0.01 9419
14574.32 423.57 1.48 0.0 9420
14713.11 426.74 1.48 0.0 9421
15085.97 419.5 1.47 0.0 9422
15423.74 467.13 1.47 0.0 9423
15176.42 525.77 1.47 0.01 9424
15463.06 537.81 1.47 0.01 9425
16073.89 601.73 1.46 0.01 9426
15064.76 515.25 1.47 0.01 9428
14828.99 487.2 1.48 0.01 9429
15007.44 490.93 1.47 0.01 9430
14821.89 496.68 1.47 0.01 9431
14774.4 508.13 1.47 0.01 9432
14821.5 501.67 1.47 0.01 9433
14681.37 487.65 1.48 0.01 9434
14662.87 482.18 1.48 0.01 9435
14826.28 532.57 1.47 0.01 9436
14455.29 483.77 1.48 0.01 9437
14270.36 432.72 1.48 0.0 9438
14289.69 439.35 1.48 0.0 9439
14329.91 503.08 1.48 0.01 9440
14079.67 500.04 1.48 0.01 9441
14553.52 509.57 1.47 0.01 9442
14434.77 475.12 1.48 0.01 9443
14096.04 448.38 1.48 0.01 9444
14100.78 459.23 1.48 0.01 9445
14270.59 469.05 1.48 0.01 9446
14542.81 522.56 1.47 0.01 9447
14646.5 508.6 1.47 0.01 9448
14592.48 490.34 1.47 0.01 9449
14820.87 519.16 1.47 0.01 9450
14405.89 505.25 1.48 0.01 9451
14582.0 501.96 1.48 0.01 9452
14193.41 485.46 1.48 0.01 9453
14109.02 426.07 1.48 0.0 9454
13643.15 452.79 1.48 0.01 9455
13874.64 471.14 1.48 0.01 9456
13682.67 423.62 1.48 0.01 9457
14117.92 459.32 1.48 0.01 9458
13997.14 485.19 1.48 0.01 9459
13772.35 463.9 1.48 0.01 9460
13720.23 428.57 1.48 0.01 9461
13183.05 418.75 1.49 0.01 9462
12759.6 389.8 1.49 0.01 9463
13006.78 396.89 1.49 0.01 9464
13116.68 366.65 1.49 0.0 9465
13743.34 338.39 1.48 0.0 9466
13481.2 297.8 1.48 0.0 9467
13647.73 342.31 1.48 0.0 9468
13966.54 371.63 1.48 0.0 9470
13806.74 368.15 1.48 0.0 9471
14012.11 355.28 1.48 0.0 9472
14041.84 345.47 1.47 0.0 9473
14103.92 340.04 1.47 0.0 9474
14525.35 445.65 1.47 0.0 9475
14566.06 548.32 1.47 0.01 9478
14527.33 524.36 1.47 0.01 9479
14610.6 535.38 1.46 0.01 9480
14311.85 532.01 1.46 0.01 9481
14342.1 559.25 1.46 0.01 9482
14243.74 544.01 1.47 0.01 9483
14078.51 518.9 1.47 0.01 9485
14125.13 509.36 1.47 0.01 9486
14143.34 483.08 1.47 0.01 9487
14042.54 485.19 1.47 0.01 9488
13907.22 443.35 1.47 0.01 9489
13330.82 396.63 1.48 0.01 9490
13257.31 412.72 1.48 0.01 9491
13064.94 422.76 1.48 0.01 9493
12964.85 431.49 1.48 0.01 9494
12522.77 412.74 1.49 0.01 9495
12462.05 389.54 1.49 0.01 9496
12404.13 365.51 1.49 0.01 9497
12659.6 383.86 1.49 0.01 9498
12966.26 378.48 1.49 0.01 9499
13157.92 393.45 1.48 0.01 9500
13245.51 402.9 1.48 0.01 9501
12805.08 424.69 1.49 0.01 9502
12973.98 427.22 1.49 0.01 9503
12923.98 442.61 1.48 0.01 9504
13165.65 473.33 1.48 0.01 9505
13429.04 487.75 1.48 0.01 9506
13400.97 452.89 1.48 0.01 9507
14069.52 475.21 1.47 0.01 9508
14220.0 464.17 1.47 0.01 9509
14381.46 479.72 1.47 0.01 9510
13996.66 474.66 1.48 0.01 9511
13831.04 517.51 1.48 0.01 9512
13418.11 488.4 1.48 0.01 9513
13187.15 483.28 1.48 0.01 9514
13111.78 439.24 1.49 0.01 9515
13014.34 463.12 1.49 0.01 9516
13256.87 478.91 1.48 0.01 9517
12985.07 488.11 1.49 0.01 9518
13114.64 546.22 1.49 0.01 9519
13312.47 542.42 1.48 0.01 9520
13634.86 542.13 1.48 0.01 9521
13794.16 518.09 1.48 0.01 9522
13507.76 482.56 1.48 0.01 9523
13270.45 453.32 1.49 0.01 9524
13461.89 466.7 1.48 0.01 9525
14065.25 488.7 1.47 0.01 9526
14552.69 523.75 1.47 0.01 9527
14768.23 508.47 1.47 0.01 9528
14784.0 518.88 1.47 0.01 9529
14673.95 451.15 1.47 0.0 9530
14750.72 518.9 1.47 0.01 9531
15206.94 582.26 1.47 0.01 9532
15272.46 546.78 1.47 0.01 9533
15089.37 507.38 1.47 0.01 9534
15179.68 577.56 1.47 0.01 9535
14949.23 561.87 1.47 0.01 9536
15213.63 612.63 1.47 0.01 9537
15279.85 571.19 1.47 0.01 9538
15642.14 609.12 1.46 0.01 9539
15312.09 592.99 1.47 0.01 9540
14838.34 544.2 1.47 0.01 9541
14315.72 489.57 1.48 0.01 9542
14336.86 505.86 1.48 0.01 9543
14031.9 493.82 1.48 0.01 9544
14059.09 489.74 1.48 0.01 9545
14126.87 516.35 1.48 0.01 9546
13962.18 499.32 1.48 0.01 9547
14079.73 490.95 1.48 0.01 9548
14653.4 545.49 1.48 0.01 9549
14185.6 492.9 1.48 0.01 9550
13664.54 461.11 1.49 0.01 9551
13653.97 497.53 1.49 0.01 9552
13542.0 471.69 1.49 0.01 9553
13236.85 424.43 1.49 0.01 9554
13186.3 466.81 1.5 0.01 9555
13146.77 452.59 1.49 0.01 9556
13409.52 479.51 1.49 0.01 9557
13365.8 467.06 1.49 0.01 9558
13743.38 448.78 1.49 0.01 9559
13491.25 418.81 1.49 0.01 9560
13300.14 443.28 1.49 0.01 9561
13022.45 407.33 1.49 0.01 9562
12821.73 370.77 1.5 0.01 9563
12532.11 360.59 1.5 0.01 9564
12844.22 383.44 1.5 0.01 9565
13111.28 388.69 1.49 0.01 9566
12697.24 373.84 1.5 0.01 9567
12619.81 356.27 1.5 0.01 9568
12902.26 360.69 1.5 0.0 9569
12921.77 362.09 1.49 0.0 9570
13001.0 371.19 1.49 0.01 9571
13323.32 394.44 1.49 0.01 9572
13278.24 451.63 1.49 0.01 9573
13121.84 454.51 1.49 0.01 9574
13369.49 487.95 1.49 0.01 9575
13563.28 479.77 1.48 0.01 9576
14158.5 498.29 1.48 0.01 9577
14291.0 482.29 1.48 0.01 9578
14382.24 476.33 1.48 0.01 9579
14058.0 427.43 1.48 0.0 9580
13780.17 381.24 1.48 0.0 9581
14093.81 360.54 1.48 0.0 9582
13759.26 334.73 1.48 0.0 9583
13538.96 366.57 1.48 0.0 9584
13637.37 385.21 1.48 0.0 9585
14014.94 414.07 1.48 0.0 9586
13854.39 438.0 1.48 0.01 9587
14101.38 429.55 1.48 0.0 9588
14409.53 518.55 1.48 0.01 9589
14307.46 553.13 1.48 0.01 9590
13976.43 510.14 1.48 0.01 9591
13630.26 552.42 1.49 0.01 9592
13835.67 543.46 1.48 0.01 9593
13958.9 559.11 1.48 0.01 9594
14437.76 570.46 1.48 0.01 9595
14757.39 567.6 1.47 0.01 9596
14666.82 554.33 1.48 0.01 9597
15077.79 617.32 1.48 0.01 9598
14598.7 656.95 1.48 0.01 9599
14756.32 651.03 1.48 0.01 9600
14770.96 693.4 1.47 0.01 9601
14669.06 699.14 1.47 0.01 9602
14380.15 626.12 1.48 0.01 9603
13794.76 517.59 1.48 0.01 9604
13911.4 540.84 1.48 0.01 9605
14100.78 529.26 1.48 0.01 9606
14198.77 519.91 1.48 0.01 9607
14149.53 484.43 1.48 0.01 9608
14164.41 491.33 1.48 0.01 9609
14040.29 480.93 1.48 0.01 9610
14109.01 517.79 1.48 0.01 9611
13865.49 475.41 1.48 0.01 9612
13661.7 458.14 1.48 0.01 9613
13840.55 472.7 1.48 0.01 9614
13520.23 425.36 1.49 0.01 9615
13334.99 393.87 1.49 0.01 9616
13162.35 435.3 1.49 0.01 9617
13209.42 422.32 1.49 0.01 9618
13304.85 412.35 1.49 0.01 9619
13398.65 382.51 1.49 0.0 9620
13034.79 401.47 1.49 0.01 9621
12592.4 392.26 1.5 0.01 9622
12484.06 397.93 1.5 0.01 9623
12411.69 403.77 1.5 0.01 9624
12006.9 355.93 1.5 0.01 9625
12012.09 351.86 1.5 0.01 9626
11942.54 311.47 1.5 0.0 9627
11898.52 287.96 1.5 0.0 9628
12008.18 292.79 1.5 0.0 9629
12013.94 304.32 1.5 0.0 9630
11885.82 315.19 1.5 0.01 9631
11873.15 347.99 1.5 0.01 9632
11984.92 310.63 1.5 0.0 9633
12018.53 305.48 1.49 0.0 9634
11887.82 294.48 1.5 0.0 9635
12121.63 336.91 1.49 0.01 9636
12461.17 335.78 1.49 0.0 9637
12424.48 341.65 1.49 0.01 9638
12474.7 331.2 1.49 0.0 9639
12945.16 364.69 1.48 0.0 9640
13047.41 403.48 1.48 0.01 9641
13434.84 434.63 1.47 0.01 9642
13205.3 410.18 1.48 0.01 9643
12913.89 417.84 1.48 0.01 9644
12431.65 342.96 1.48 0.01 9645
12392.38 362.36 1.48 0.01 9646
12284.71 358.22 1.49 0.01 9647
12021.12 334.41 1.49 0.01 9648
12093.21 322.71 1.49 0.01 9649
11998.34 317.48 1.49 0.01 9650
11918.11 298.57 1.49 0.0 9651
11911.66 287.08 1.49 0.0 9652
12418.77 286.94 1.49 0.0 9653
12081.63 273.2 1.49 0.0 9654
12096.09 288.39 1.49 0.0 9655
12097.92 282.82 1.49 0.0 9656
12287.97 280.16 1.49 0.0 9657
12142.81 289.5 1.49 0.0 9658
12688.86 332.68 1.48 0.0 9659
12824.28 328.41 1.48 0.0 9660
12843.55 327.75 1.48 0.0 9661
13025.97 377.56 1.48 0.01 9662
12847.77 306.44 1.48 0.0 9663
12875.24 363.35 1.48 0.01 9664
12974.65 357.47 1.48 0.0 9665
13213.17 330.53 1.47 0.0 9666
12825.4 362.89 1.48 0.01 9667
12667.46 365.82 1.48 0.01 9668
12891.72 397.44 1.48 0.01 9669
12632.08 388.49 1.48 0.01 9670
12696.39 412.06 1.48 0.01 9671
12393.31 397.32 1.48 0.01 9672
12924.99 445.94 1.47 0.01 9673
12594.02 419.66 1.48 0.01 9674
12939.21 486.73 1.47 0.01 9675
12923.89 495.75 1.47 0.01 9676
12734.76 452.94 1.47 0.01 9677
12887.49 482.66 1.46 0.01 9678
12641.02 462.43 1.46 0.01 9679
12346.61 392.12 1.47 0.01 9680
11987.62 368.66 1.47 0.01 9681
12179.07 354.87 1.47 0.01 9682
11725.49 363.36 1.47 0.01 9683
11795.98 357.33 1.47 0.01 9684
11747.79 371.88 1.47 0.01 9685
11494.08 314.02 1.48 0.01 9686
11533.7 307.37 1.48 0.01 9687
11037.82 270.1 1.49 0.01 9688
10938.76 251.7 1.49 0.0 9689
10716.57 222.37 1.49 0.0 9690
10723.95 228.65 1.49 0.0 9691
10819.47 226.33 1.49 0.0 9692
10848.28 257.65 1.49 0.01 9693
10944.83 276.56 1.49 0.01 9694
10993.27 291.11 1.49 0.01 9695
11182.5 292.71 1.49 0.01 9696
11321.21 326.42 1.49 0.01 9697
11450.1 292.11 1.48 0.01 9698
11444.27 295.05 1.49 0.01 9699
11719.44 360.34 1.48 0.01 9700
11635.75 324.77 1.48 0.01 9701
11761.52 344.62 1.48 0.01 9702
11987.34 343.31 1.48 0.01 9703
11920.23 339.68 1.48 0.01 9704
12046.12 332.67 1.48 0.01 9705
12036.53 329.23 1.48 0.01 9706
12155.05 366.01 1.48 0.01 9707
12005.33 364.21 1.48 0.01 9708
12356.94 365.19 1.47 0.01 9709
12413.03 388.9 1.47 0.01 9710
12795.29 429.77 1.47 0.01 9711
12947.31 400.14 1.47 0.01 9712
12843.83 386.51 1.47 0.01 9713
12658.73 393.24 1.47 0.01 9714
12354.89 397.46 1.48 0.01 9715
12638.76 399.25 1.47 0.01 9716
12519.14 337.61 1.48 0.0 9717
12645.45 370.48 1.48 0.01 9718
12874.4 357.05 1.47 0.0 9719
13384.36 376.34 1.46 0.0 9720
13149.09 383.48 1.47 0.01 9721
13125.66 425.98 1.47 0.01 9722
13061.12 425.9 1.47 0.01 9723
13120.82 430.85 1.47 0.01 9724
12767.37 368.08 1.47 0.01 9725
12542.81 322.63 1.47 0.0 9726
12095.05 307.47 1.48 0.0 9727
12136.63 296.73 1.48 0.0 9728
12148.27 324.11 1.48 0.01 9729
12523.72 387.71 1.48 0.01 9730
12187.78 381.44 1.48 0.01 9731
12110.8 359.6 1.48 0.01 9732
12246.28 380.35 1.48 0.01 9733
12277.66 362.59 1.48 0.01 9734
12089.11 373.59 1.48 0.01 9735
12455.78 380.19 1.48 0.01 9736
12770.64 390.79 1.47 0.01 9737
12966.44 448.17 1.47 0.01 9738
12665.13 407.59 1.48 0.01 9739
12886.99 409.47 1.48 0.01 9740
12619.53 350.64 1.48 0.01 9741
12712.68 376.06 1.48 0.01 9742
12994.21 389.97 1.47 0.01 9743
12948.91 353.24 1.47 0.0 9744
12655.11 296.95 1.48 0.0 9745
12647.95 340.38 1.48 0.0 9746
12548.66 328.6 1.48 0.0 9747
12352.69 354.82 1.48 0.01 9748
12361.09 369.0 1.48 0.01 9749
12803.62 381.65 1.48 0.01 9750
12593.7 443.16 1.48 0.01 9751
12386.38 407.08 1.48 0.01 9752
12375.2 421.28 1.48 0.01 9753
12456.19 383.26 1.48 0.01 9754
12478.8 398.15 1.48 0.01 9755
12335.81 437.74 1.48 0.01 9756
12414.36 427.0 1.48 0.01 9757
12238.28 369.53 1.49 0.01 9758
12333.34 339.74 1.49 0.01 9759
12156.55 337.6 1.49 0.01 9760
12584.03 357.28 1.48 0.01 9761
12597.81 364.28 1.48 0.01 9762
12431.79 366.14 1.48 0.01 9763
12512.28 396.98 1.48 0.01 9764
12025.71 374.22 1.49 0.01 9765
12210.4 376.65 1.48 0.01 9766
12204.8 416.03 1.48 0.01 9767
12108.49 442.29 1.48 0.01 9768
12405.79 426.05 1.48 0.01 9769
12542.58 446.82 1.48 0.01 9770
12858.97 466.34 1.47 0.01 9771
12577.3 413.59 1.48 0.01 9772
12430.19 428.96 1.48 0.01 9773
12590.55 390.97 1.48 0.01 9774
12833.0 384.73 1.48 0.01 9775
12706.75 362.21 1.48 0.01 9776
12815.09 376.57 1.48 0.01 9777
12872.09 312.64 1.48 0.0 9778
12572.05 318.27 1.48 0.0 9779
12653.16 339.46 1.48 0.0 9780
12525.18 328.86 1.48 0.0 9781
12469.74 312.48 1.48 0.0 9782
12544.67 319.19 1.48 0.0 9783
12282.43 352.44 1.49 0.01 9784
12521.74 388.77 1.48 0.01 9785
12691.93 428.32 1.48 0.01 9786
13223.9 471.84 1.47 0.01 9787
13302.11 492.18 1.47 0.01 9788
13302.11 490.18 1.47 0.01 9789
13304.45 542.45 1.47 0.01 9790
