15009.84 137.5 1.48 0.0 8956
14955.13 131.84 1.48 0.0 8957
14930.48 121.88 1.48 0.0 8958
14882.98 136.17 1.48 0.0 8959
14942.21 151.19 1.48 0.0 8960
14838.53 158.53 1.48 0.0 8961
14729.07 149.19 1.48 0.0 8962
14590.92 153.49 1.48 0.0 8963
14836.21 152.07 1.48 0.0 8964
14555.2 140.57 1.48 0.0 8965
14361.91 140.15 1.48 0.0 8966
14481.12 131.05 1.48 0.0 8967
14018.46 130.95 1.48 0.0 8968
13820.81 114.42 1.48 0.0 8969
13761.87 109.4 1.48 0.0 8970
13557.0 105.74 1.48 0.0 8971
13347.93 106.67 1.48 0.0 8972
13241.96 92.26 1.48 0.0 8973
13021.23 96.03 1.48 0.0 8974
12671.15 90.18 1.48 0.0 8975
12586.58 93.24 1.48 0.0 8976
12544.49 98.04 1.48 0.0 8977
12443.16 90.63 1.48 0.0 8978
12147.21 87.58 1.48 0.0 8979
12030.07 89.56 1.48 0.0 8980
11864.13 83.53 1.48 0.0 8981
11607.95 89.88 1.48 0.0 8982
11534.42 90.67 1.48 0.0 8983
11495.39 90.84 1.48 0.0 8984
11299.54 86.9 1.48 0.0 8985
11249.15 89.48 1.48 0.0 8986
11230.46 84.26 1.48 0.0 8987
11087.27 75.56 1.48 0.0 8988
10984.14 70.18 1.48 0.0 8989
10994.64 67.79 1.48 0.0 8990
10990.59 59.19 1.48 0.0 8991
10921.46 57.19 1.48 0.0 8992
10864.6 54.21 1.48 0.0 8993
10887.83 56.78 1.48 0.0 8994
10890.55 64.2 1.48 0.0 8995
10907.55 64.55 1.48 0.0 8996
10883.85 58.92 1.48 0.0 8997
10813.05 59.63 1.48 0.0 8998
10825.27 63.11 1.48 0.0 8999
10926.78 64.62 1.48 0.0 9000
11027.65 68.33 1.48 0.0 9001
10993.57 73.6 1.48 0.0 9002
10963.73 70.52 1.48 0.0 9003
10905.04 62.78 1.48 0.0 9004
10896.97 62.14 1.48 0.0 9005
10919.22 54.84 1.48 0.0 9006
10873.97 54.88 1.48 0.0 9007
10861.05 53.28 1.48 0.0 9008
10794.63 44.94 1.48 0.0 9009
10810.09 43.25 1.48 0.0 9010
10781.48 53.25 1.48 0.0 9011
10887.84 60.24 1.48 0.0 9012
11012.45 56.7 1.48 0.0 9013
11062.96 58.62 1.48 0.0 9014
11070.12 57.22 1.48 0.0 9015
11024.25 60.42 1.48 0.0 9016
11142.27 62.53 1.48 0.0 9017
11250.36 70.37 1.48 0.0 9018
11416.67 65.12 1.48 0.0 9019
11387.33 69.63 1.48 0.0 9020
11471.11 63.17 1.48 0.0 9021
11644.01 68.55 1.48 0.0 9022
11720.29 63.65 1.48 0.0 9023
11850.73 69.88 1.48 0.0 9024
11859.48 71.17 1.48 0.0 9025
11856.59 66.5 1.48 0.0 9026
11790.18 65.33 1.48 0.0 9027
11771.84 69.16 1.48 0.0 9028
11602.12 61.48 1.48 0.0 9029
11551.13 75.1 1.48 0.0 9030
11602.71 76.16 1.48 0.0 9031
11647.41 75.1 1.48 0.0 9032
11685.18 64.42 1.48 0.0 9033
11619.11 78.09 1.48 0.0 9034
11693.16 76.14 1.48 0.0 9035
11613.07 80.69 1.48 0.0 9036
11508.61 70.13 1.48 0.0 9037
11564.01 67.66 1.48 0.0 9038
11674.41 59.65 1.48 0.0 9039
11639.25 57.97 1.48 0.0 9040
11685.57 58.65 1.48 0.0 9041
11705.69 74.67 1.48 0.0 9042
11736.77 76.32 1.48 0.0 9043
11872.33 77.75 1.48 0.0 9044
11863.2 74.7 1.48 0.0 9045
11893.13 70.09 1.48 0.0 9046
11777.86 74.98 1.48 0.0 9047
11774.9 74.51 1.48 0.0 9048
11868.66 71.68 1.48 0.0 9049
11915.74 69.82 1.48 0.0 9050
11944.45 78.39 1.48 0.0 9051
11964.54 83.43 1.48 0.0 9052
11945.67 80.48 1.48 0.0 9053
11901.56 80.13 1.48 0.0 9054
11887.65 75.84 1.48 0.0 9055
11948.72 82.77 1.48 0.0 9056
11949.02 85.29 1.48 0.0 9057
11866.68 81.15 1.48 0.0 9058
11995.77 83.03 1.48 0.0 9059
12068.15 90.26 1.48 0.0 9060
11932.83 84.84 1.48 0.0 9061
11999.47 76.32 1.48 0.0 9062
11989.27 76.68 1.48 0.0 9063
11945.33 88.49 1.48 0.0 9064
11878.66 88.34 1.48 0.0 9065
11817.85 82.35 1.48 0.0 9066
11850.95 88.88 1.48 0.0 9067
11853.46 82.83 1.48 0.0 9068
11819.21 91.39 1.48 0.0 9069
11943.61 89.91 1.48 0.0 9070
11982.94 89.3 1.48 0.0 9071
12006.18 96.88 1.48 0.0 9072
12038.29 89.21 1.48 0.0 9073
11902.67 83.1 1.48 0.0 9074
11958.7 77.86 1.48 0.0 9075
12091.81 78.9 1.48 0.0 9076
12212.48 88.58 1.48 0.0 9077
12152.88 81.87 1.48 0.0 9078
12151.74 91.06 1.48 0.0 9079
12223.63 91.69 1.48 0.0 9080
12176.4 84.44 1.48 0.0 9081
12175.63 77.68 1.48 0.0 9082
12259.74 77.49 1.48 0.0 9083
12249.4 83.39 1.48 0.0 9084
12162.15 84.22 1.48 0.0 9085
12088.8 71.68 1.48 0.0 9086
12211.87 81.37 1.48 0.0 9087
12295.06 92.55 1.48 0.0 9088
12335.88 88.19 1.48 0.0 9089
12237.22 85.43 1.48 0.0 9090
12182.73 94.44 1.48 0.0 9091
12023.06 86.23 1.48 0.0 9092
12140.91 85.29 1.48 0.0 9093
12166.05 87.52 1.48 0.0 9094
12115.4 84.87 1.48 0.0 9095
12254.62 77.16 1.48 0.0 9096
12323.94 78.92 1.48 0.0 9097
12261.67 72.53 1.48 0.0 9098
12367.14 74.26 1.48 0.0 9099
12567.43 79.31 1.48 0.0 9100
12649.9 91.38 1.48 0.0 9101
12589.78 88.02 1.48 0.0 9102
12604.65 99.27 1.48 0.0 9103
12650.67 99.82 1.48 0.0 9104
12803.11 89.7 1.48 0.0 9105
12959.6 95.73 1.48 0.0 9106
13038.69 99.87 1.48 0.0 9107
13033.77 94.78 1.48 0.0 9108
13106.34 85.47 1.48 0.0 9109
13367.53 88.96 1.48 0.0 9110
13444.32 93.48 1.48 0.0 9111
13493.8 98.55 1.48 0.0 9112
13653.68 90.99 1.48 0.0 9113
13627.36 82.35 1.48 0.0 9114
13648.16 82.3 1.48 0.0 9115
13553.73 86.27 1.48 0.0 9116
13692.26 91.93 1.48 0.0 9117
13784.3 94.56 1.48 0.0 9118
13858.38 97.68 1.48 0.0 9119
13879.65 94.46 1.48 0.0 9120
13862.85 97.84 1.48 0.0 9121
14049.63 98.39 1.48 0.0 9122
14030.63 106.17 1.48 0.0 9123
13971.48 96.75 1.48 0.0 9124
13826.87 107.49 1.48 0.0 9125
13971.46 112.7 1.48 0.0 9126
13929.12 104.52 1.48 0.0 9127
13789.96 100.35 1.48 0.0 9128
13850.22 99.09 1.48 0.0 9129
13773.99 89.59 1.48 0.0 9130
13865.44 97.09 1.48 0.0 9131
13756.07 83.72 1.48 0.0 9132
13658.82 82.15 1.48 0.0 9133
13523.02 79.34 1.48 0.0 9134
13544.97 94.6 1.48 0.0 9135
13559.73 114.06 1.48 0.0 9136
13485.85 116.34 1.48 0.0 9137
13426.44 119.38 1.48 0.0 9138
13449.43 120.1 1.48 0.0 9139
13351.49 123.52 1.48 0.0 9140
13302.37 128.49 1.48 0.0 9141
13287.55 128.34 1.48 0.0 9142
13343.38 134.98 1.48 0.0 9143
13386.32 133.68 1.48 0.0 9144
13361.14 123.28 1.48 0.0 9145
13425.71 115.75 1.48 0.0 9146
13435.11 133.45 1.48 0.0 9147
13531.68 113.56 1.48 0.0 9148
13591.26 118.0 1.48 0.0 9149
13719.36 113.99 1.48 0.0 9150
13675.56 107.28 1.48 0.0 9151
13676.94 107.65 1.48 0.0 9152
13740.5 117.42 1.48 0.0 9153
13615.2 112.55 1.48 0.0 9154
13706.56 120.18 1.48 0.0 9155
13618.75 116.44 1.48 0.0 9156
13479.37 103.55 1.48 0.0 9157
13452.76 106.89 1.48 0.0 9158
13462.01 104.1 1.48 0.0 9159
13470.11 101.15 1.48 0.0 9160
13420.0 98.26 1.48 0.0 9161
13446.57 103.42 1.48 0.0 9162
13440.82 97.95 1.48 0.0 9163
13470.26 95.21 1.48 0.0 9164
13335.62 97.45 1.48 0.0 9165
13261.37 99.27 1.48 0.0 9166
13134.59 94.65 1.48 0.0 9167
13179.3 91.14 1.48 0.0 9168
13316.33 95.41 1.48 0.0 9169
13412.57 91.58 1.48 0.0 9170
13462.92 90.72 1.48 0.0 9171
13611.04 86.94 1.48 0.0 9172
13717.64 80.03 1.48 0.0 9173
13591.28 85.96 1.48 0.0 9174
13505.41 84.31 1.48 0.0 9175
13442.37 92.19 1.48 0.0 9176
13391.42 88.75 1.48 0.0 9177
13358.61 97.79 1.48 0.0 9178
13491.76 97.95 1.48 0.0 9179
13353.77 86.67 1.48 0.0 9180
13495.55 96.39 1.48 0.0 9181
13588.88 100.93 1.48 0.0 9182
13581.54 98.67 1.48 0.0 9183
13711.07 90.69 1.48 0.0 9184
13742.62 94.14 1.48 0.0 9185
13766.42 88.54 1.48 0.0 9186
13742.85 87.79 1.48 0.0 9187
13670.74 86.67 1.48 0.0 9188
13717.77 84.87 1.48 0.0 9189
13806.7 96.31 1.48 0.0 9190
13750.44 103.35 1.48 0.0 9191
13785.3 101.14 1.48 0.0 9192
13768.21 108.39 1.48 0.0 9193
13719.39 103.97 1.48 0.0 9194
13835.06 104.13 1.48 0.0 9195
13815.62 115.24 1.48 0.0 9196
13909.72 129.43 1.48 0.0 9197
13835.5 125.31 1.48 0.0 9198
13810.73 111.71 1.48 0.0 9199
13798.96 119.21 1.48 0.0 9200
13786.98 113.97 1.48 0.0 9201
13857.52 117.74 1.48 0.0 9202
13904.37 119.71 1.48 0.0 9203
13982.74 122.71 1.48 0.0 9204
13954.76 113.49 1.48 0.0 9205
14202.52 116.15 1.48 0.0 9206
14315.36 125.99 1.48 0.0 9207
14321.85 130.32 1.48 0.0 9208
14279.65 133.8 1.48 0.0 9209
14334.38 124.84 1.48 0.0 9210
14297.56 132.16 1.48 0.0 9211
14273.43 121.28 1.48 0.0 9212
14436.64 125.23 1.48 0.0 9213
14437.08 127.86 1.48 0.0 9214
14436.11 130.08 1.48 0.0 9215
14497.63 116.81 1.48 0.0 9216
14539.21 117.94 1.48 0.0 9217
14675.98 105.07 1.48 0.0 9218
14660.49 97.51 1.48 0.0 9219
14660.79 105.31 1.48 0.0 9220
14604.75 107.83 1.48 0.0 9221
14567.91 115.13 1.48 0.0 9222
14621.89 111.29 1.48 0.0 9223
14787.62 109.77 1.48 0.0 9224
14770.82 119.86 1.48 0.0 9225
14947.25 145.63 1.48 0.0 9226
14885.33 113.85 1.48 0.0 9227
14837.45 117.16 1.48 0.0 9228
14728.28 107.04 1.48 0.0 9229
14620.88 97.14 1.48 0.0 9230
14493.4 93.59 1.48 0.0 9231
14407.46 95.23 1.48 0.0 9232
14264.72 95.96 1.48 0.0 9233
14242.7 101.43 1.48 0.0 9234
14201.76 101.93 1.48 0.0 9235
14137.78 99.31 1.48 0.0 9236
14087.83 107.35 1.48 0.0 9237
13938.51 108.81 1.48 0.0 9238
13781.33 117.28 1.48 0.0 9239
13616.44 118.93 1.48 0.0 9240
13546.71 112.57 1.48 0.0 9241
13510.3 101.26 1.48 0.0 9242
13488.05 106.68 1.48 0.0 9243
13524.5 110.35 1.48 0.0 9244
13646.14 109.21 1.48 0.0 9245
13687.29 101.15 1.48 0.0 9246
13606.66 90.18 1.48 0.0 9247
13630.24 100.27 1.48 0.0 9248
13627.27 96.62 1.48 0.0 9249
13776.1 92.75 1.48 0.0 9250
13670.32 105.94 1.48 0.0 9251
13697.34 105.99 1.48 0.0 9252
13753.26 108.19 1.48 0.0 9253
13779.55 117.77 1.48 0.0 9254
13883.64 122.91 1.48 0.0 9255
13946.22 122.1 1.48 0.0 9256
14059.37 126.6 1.48 0.0 9257
13947.21 113.14 1.48 0.0 9258
13940.03 106.24 1.48 0.0 9259
13952.0 108.51 1.48 0.0 9260
13918.86 117.59 1.48 0.0 9261
14055.1 113.46 1.48 0.0 9262
14121.36 110.06 1.48 0.0 9263
14195.76 97.37 1.48 0.0 9264
14082.93 103.58 1.48 0.0 9265
14102.54 100.23 1.48 0.0 9266
14105.07 86.66 1.48 0.0 9267
14131.69 93.51 1.48 0.0 9268
14013.71 95.51 1.48 0.0 9269
14125.94 90.93 1.48 0.0 9270
14016.41 95.8 1.48 0.0 9271
13917.02 100.91 1.48 0.0 9272
14063.09 106.37 1.48 0.0 9273
14086.14 112.97 1.48 0.0 9274
14009.42 103.8 1.48 0.0 9275
14015.61 105.06 1.48 0.0 9276
13741.18 98.68 1.48 0.0 9277
13643.6 91.09 1.48 0.0 9278
13647.43 80.88 1.48 0.0 9279
13620.99 82.46 1.48 0.0 9280
13609.64 82.53 1.48 0.0 9281
13528.24 83.79 1.48 0.0 9282
13466.59 90.63 1.48 0.0 9283
13524.43 84.62 1.48 0.0 9284
13461.52 75.16 1.48 0.0 9285
13363.62 73.59 1.48 0.0 9286
13214.55 73.27 1.48 0.0 9287
13161.7 70.62 1.48 0.0 9288
13081.74 69.12 1.48 0.0 9289
13091.7 77.61 1.48 0.0 9290
13089.63 79.76 1.48 0.0 9291
13204.08 81.48 1.48 0.0 9292
13298.26 90.91 1.48 0.0 9293
13281.34 83.45 1.48 0.0 9294
13316.1 96.06 1.48 0.0 9295
13314.84 92.56 1.48 0.0 9296
13353.97 93.4 1.48 0.0 9297
13464.32 104.3 1.48 0.0 9298
13514.35 102.52 1.48 0.0 9299
13446.13 99.84 1.48 0.0 9300
13528.63 89.99 1.48 0.0 9301
13845.46 102.92 1.48 0.0 9302
13758.49 106.83 1.48 0.0 9303
13791.87 117.18 1.48 0.0 9304
13896.5 138.87 1.48 0.0 9305
13912.95 147.9 1.48 0.0 9306
13982.91 144.23 1.48 0.0 9307
13829.7 140.6 1.48 0.0 9308
13701.04 146.32 1.48 0.0 9309
13706.24 135.49 1.48 0.0 9310
13846.52 137.79 1.48 0.0 9311
13938.63 140.49 1.48 0.0 9312
13953.94 146.8 1.48 0.0 9313
14006.37 117.89 1.48 0.0 9314
14144.79 113.01 1.48 0.0 9315
14161.32 122.56 1.48 0.0 9316
13867.26 113.38 1.48 0.0 9317
13952.62 113.37 1.48 0.0 9318
13801.97 100.35 1.48 0.0 9320
13924.93 92.34 1.48 0.0 9321
13975.85 86.67 1.48 0.0 9322
14014.41 78.98 1.48 0.0 9323
14047.18 74.38 1.48 0.0 9324
13979.81 82.58 1.48 0.0 9325
13964.98 83.71 1.48 0.0 9326
13856.81 91.52 1.48 0.0 9327
13817.92 89.36 1.48 0.0 9328
13766.36 97.46 1.48 0.0 9329
13664.76 104.62 1.48 0.0 9330
13541.85 108.4 1.48 0.0 9331
13585.82 108.48 1.48 0.0 9332
13521.5 106.53 1.48 0.0 9333
13443.83 110.87 1.48 0.0 9334
13459.96 113.69 1.48 0.0 9335
13320.29 102.32 1.48 0.0 9336
13283.83 101.59 1.48 0.0 9337
13288.06 95.91 1.48 0.0 9338
13249.24 98.55 1.48 0.0 9339
13224.33 96.86 1.48 0.0 9340
13185.66 97.56 1.48 0.0 9341
13170.31 89.69 1.48 0.0 9342
13137.38 89.25 1.48 0.0 9343
13118.57 96.78 1.48 0.0 9344
13145.28 96.74 1.48 0.0 9345
13392.07 108.39 1.48 0.0 9346
13343.38 103.88 1.48 0.0 9348
13561.51 116.59 1.48 0.0 9349
13477.07 117.6 1.48 0.0 9350
13521.97 129.88 1.48 0.0 9351
13577.19 117.01 1.48 0.0 9352
13734.15 115.18 1.48 0.0 9353
13733.21 108.34 1.48 0.0 9354
13779.67 121.27 1.48 0.0 9355
13787.21 115.99 1.48 0.0 9356
13832.17 114.86 1.48 0.0 9357
13953.48 121.05 1.48 0.0 9358
13998.9 103.46 1.48 0.0 9359
13917.5 99.5 1.48 0.0 9360
13759.1 98.47 1.48 0.0 9361
13822.47 106.22 1.48 0.0 9362
13972.87 114.5 1.48 0.0 9363
13896.52 105.74 1.48 0.0 9364
13881.82 94.52 1.48 0.0 9365
13851.9 104.08 1.48 0.0 9366
13680.39 111.92 1.48 0.0 9367
13512.39 110.78 1.48 0.0 9368
13488.16 115.28 1.48 0.0 9369
13672.05 120.35 1.48 0.0 9370
13791.72 126.06 1.48 0.0 9371
13640.46 115.48 1.48 0.0 9372
13494.05 116.93 1.48 0.0 9373
13414.05 110.65 1.48 0.0 9374
13529.91 112.14 1.48 0.0 9375
13667.51 102.33 1.48 0.0 9376
13589.86 107.38 1.48 0.0 9377
13577.36 98.06 1.48 0.0 9378
13577.29 99.26 1.48 0.0 9379
13593.61 101.6 1.48 0.0 9380
13528.7 99.81 1.48 0.0 9381
13599.22 101.32 1.48 0.0 9382
13710.64 100.35 1.48 0.0 9383
13774.97 102.66 1.48 0.0 9384
13672.53 98.72 1.48 0.0 9385
13466.49 96.58 1.48 0.0 9386
13389.54 97.17 1.48 0.0 9387
13423.43 101.34 1.48 0.0 9388
13489.14 88.56 1.48 0.0 9389
13615.73 89.92 1.48 0.0 9390
13633.54 93.08 1.48 0.0 9391
13754.62 94.59 1.48 0.0 9392
13807.73 100.31 1.48 0.0 9393
13690.01 96.04 1.48 0.0 9394
13734.07 104.66 1.48 0.0 9395
13998.11 109.6 1.48 0.0 9396
13979.17 110.73 1.48 0.0 9397
13942.95 108.51 1.48 0.0 9398
14015.32 107.45 1.48 0.0 9399
14063.45 106.22 1.48 0.0 9400
14238.48 99.52 1.48 0.0 9401
14344.19 89.58 1.48 0.0 9402
14339.26 100.18 1.48 0.0 9403
14248.42 106.49 1.48 0.0 9404
14064.6 92.47 1.48 0.0 9405
13996.13 88.32 1.48 0.0 9406
13863.23 99.24 1.48 0.0 9407
13757.28 100.79 1.48 0.0 9408
13829.81 96.39 1.48 0.0 9409
13866.37 93.06 1.48 0.0 9410
13746.45 88.95 1.48 0.0 9411
13749.86 98.08 1.48 0.0 9412
13738.91 110.85 1.48 0.0 9413
13676.56 105.88 1.48 0.0 9414
13730.33 111.41 1.48 0.0 9415
13833.96 110.38 1.48 0.0 9416
13935.07 109.2 1.48 0.0 9417
14097.35 102.77 1.48 0.0 9418
14042.19 100.48 1.48 0.0 9419
14147.7 86.51 1.48 0.0 9420
14160.7 87.48 1.48 0.0 9421
14365.39 91.54 1.48 0.0 9422
14468.04 98.46 1.48 0.0 9423
14399.13 108.01 1.48 0.0 9424
14415.54 109.94 1.48 0.0 9425
14436.48 122.62 1.48 0.0 9426
14376.85 106.55 1.48 0.0 9428
14427.74 102.17 1.48 0.0 9429
14323.35 101.28 1.48 0.0 9430
14132.85 106.85 1.48 0.0 9431
14089.5 103.19 1.48 0.0 9432
14068.58 100.18 1.48 0.0 9433
14113.54 98.35 1.48 0.0 9434
14214.12 98.18 1.48 0.0 9435
14085.12 106.67 1.48 0.0 9436
13972.25 98.14 1.48 0.0 9437
13957.92 89.2 1.48 0.0 9438
14014.53 91.4 1.48 0.0 9439
13959.94 106.29 1.48 0.0 9440
13844.26 110.66 1.48 0.0 9441
13892.83 109.84 1.48 0.0 9442
13956.98 100.91 1.48 0.0 9443
13888.16 99.15 1.48 0.0 9444
13876.19 103.18 1.48 0.0 9445
13850.74 104.31 1.48 0.0 9446
13846.99 108.95 1.48 0.0 9447
13818.41 103.47 1.48 0.0 9448
13799.68 104.31 1.48 0.0 9449
13938.42 113.92 1.48 0.0 9450
13984.08 118.79 1.48 0.0 9451
14020.82 114.4 1.48 0.0 9452
13836.32 111.56 1.48 0.0 9453
13783.61 104.06 1.48 0.0 9454
13729.77 107.7 1.48 0.0 9455
13819.44 110.64 1.48 0.0 9456
13775.02 97.18 1.48 0.0 9457
13878.87 100.93 1.48 0.0 9458
13807.94 102.89 1.48 0.0 9459
13768.99 99.68 1.48 0.0 9460
13774.42 92.53 1.48 0.0 9461
13775.04 101.6 1.48 0.0 9462
13678.97 106.74 1.48 0.0 9463
13641.48 97.73 1.48 0.0 9464
13598.37 86.15 1.48 0.0 9465
13670.13 72.27 1.48 0.0 9466
13657.4 65.02 1.48 0.0 9467
13717.84 74.43 1.48 0.0 9468
13690.69 77.23 1.48 0.0 9470
13636.89 77.48 1.48 0.0 9471
13554.15 72.48 1.48 0.0 9472
13403.35 70.75 1.48 0.0 9473
13432.44 72.21 1.48 0.0 9474
13527.09 90.85 1.48 0.0 9475
13398.21 107.2 1.48 0.0 9478
13257.59 102.99 1.48 0.0 9479
13073.83 105.2 1.48 0.0 9480
12919.66 104.27 1.48 0.0 9481
12899.43 108.4 1.48 0.0 9482
13061.49 106.08 1.48 0.0 9483
13106.95 102.26 1.48 0.0 9485
13167.11 100.39 1.48 0.0 9486
13273.7 96.52 1.48 0.0 9487
13152.73 96.55 1.48 0.0 9488
13260.82 88.99 1.48 0.0 9489
13051.87 82.56 1.48 0.0 9490
13273.7 88.51 1.48 0.0 9491
13104.89 91.49 1.48 0.0 9493
13191.8 96.65 1.48 0.0 9494
13231.81 102.55 1.48 0.0 9495
13216.98 99.23 1.48 0.0 9496
13364.36 98.15 1.48 0.0 9497
13317.69 94.03 1.48 0.0 9498
13319.06 86.02 1.48 0.0 9499
13257.73 88.86 1.48 0.0 9500
13335.01 90.71 1.48 0.0 9501
13371.57 109.51 1.48 0.0 9502
13408.98 112.12 1.48 0.0 9503
13234.45 109.26 1.48 0.0 9504
13295.4 106.68 1.48 0.0 9505
13236.67 104.04 1.48 0.0 9506
13323.56 96.48 1.48 0.0 9507
13516.86 96.68 1.48 0.0 9508
13589.14 95.24 1.48 0.0 9509
13803.29 98.62 1.48 0.0 9510
13824.97 99.59 1.48 0.0 9511
13692.08 112.11 1.48 0.0 9512
13539.11 110.25 1.48 0.0 9513
13458.18 108.95 1.48 0.0 9514
13501.51 100.79 1.48 0.0 9515
13421.16 106.44 1.48 0.0 9516
13339.84 103.89 1.48 0.0 9517
13390.92 113.16 1.48 0.0 9518
13374.13 123.14 1.48 0.0 9519
13402.95 118.39 1.48 0.0 9520
13464.26 113.61 1.48 0.0 9521
13580.58 107.86 1.48 0.0 9522
13585.14 105.05 1.48 0.0 9523
13579.07 105.02 1.48 0.0 9524
13426.18 101.31 1.48 0.0 9525
13422.31 101.1 1.48 0.0 9526
13392.17 111.07 1.48 0.0 9527
13434.99 108.01 1.48 0.0 9528
13617.55 104.87 1.48 0.0 9529
13587.92 93.96 1.48 0.0 9530
13717.84 108.93 1.48 0.0 9531
13879.45 121.95 1.48 0.0 9532
13917.24 114.84 1.48 0.0 9533
13935.49 108.68 1.48 0.0 9534
14030.67 121.77 1.48 0.0 9535
13881.22 122.26 1.48 0.0 9536
13878.7 125.95 1.48 0.0 9537
13842.72 117.19 1.48 0.0 9538
13857.96 123.02 1.48 0.0 9539
13861.22 119.03 1.48 0.0 9540
14020.79 110.19 1.48 0.0 9541
13931.84 100.03 1.48 0.0 9542
14094.18 104.93 1.48 0.0 9543
13999.07 106.62 1.48 0.0 9544
14152.3 108.41 1.48 0.0 9545
14203.57 116.02 1.48 0.0 9546
14108.66 113.79 1.48 0.0 9547
14167.54 113.37 1.48 0.0 9548
14281.42 119.85 1.48 0.0 9549
14220.97 115.56 1.48 0.0 9550
14246.3 117.17 1.48 0.0 9551
14234.84 126.34 1.48 0.0 9552
14263.75 124.69 1.48 0.0 9553
14208.4 117.39 1.48 0.0 9554
14312.53 133.0 1.48 0.0 9555
14151.14 125.55 1.48 0.0 9556
14257.77 137.71 1.48 0.0 9557
14229.81 136.04 1.48 0.0 9558
14237.09 121.37 1.48 0.0 9559
14133.69 116.24 1.48 0.0 9560
13999.58 118.84 1.48 0.0 9561
13941.93 114.64 1.48 0.0 9562
13932.64 109.25 1.48 0.0 9563
13906.06 114.29 1.48 0.0 9564
13897.73 106.14 1.48 0.0 9565
13957.2 100.93 1.48 0.0 9566
13918.64 108.78 1.48 0.0 9567
13988.97 110.19 1.48 0.0 9568
13938.29 100.07 1.48 0.0 9569
13870.08 97.04 1.48 0.0 9570
13940.84 99.08 1.48 0.0 9571
13933.45 95.26 1.48 0.0 9572
13732.16 106.11 1.48 0.0 9573
13759.4 110.79 1.48 0.0 9574
13684.07 112.73 1.48 0.0 9575
13637.18 107.09 1.48 0.0 9576
13752.98 104.88 1.48 0.0 9577
13748.94 99.4 1.48 0.0 9578
13770.9 101.0 1.48 0.0 9579
13892.38 96.94 1.48 0.0 9580
13866.11 93.1 1.48 0.0 9581
13776.77 88.22 1.48 0.0 9582
13575.41 83.0 1.48 0.0 9583
13670.44 94.49 1.48 0.0 9584
13640.4 101.89 1.48 0.0 9585
13871.29 111.0 1.48 0.0 9586
13897.29 118.63 1.48 0.0 9587
14125.49 117.72 1.48 0.0 9588
14036.99 123.32 1.48 0.0 9589
14053.4 120.2 1.48 0.0 9590
14085.99 118.98 1.48 0.0 9591
13998.64 136.98 1.48 0.0 9592
13964.76 129.03 1.48 0.0 9593
13942.46 129.1 1.48 0.0 9594
13914.84 122.61 1.48 0.0 9595
14104.29 117.27 1.48 0.0 9596
14375.36 118.96 1.48 0.0 9597
14586.62 131.32 1.48 0.0 9598
14480.07 147.98 1.48 0.0 9599
14361.72 141.64 1.48 0.0 9600
14079.53 144.47 1.48 0.0 9601
13991.52 144.58 1.48 0.0 9602
13936.9 131.23 1.48 0.0 9603
13992.93 121.63 1.48 0.0 9604
14024.31 131.72 1.48 0.0 9605
14048.7 126.1 1.48 0.0 9606
14086.07 122.07 1.48 0.0 9607
14109.62 112.28 1.48 0.0 9608
14179.18 109.53 1.48 0.0 9609
14251.56 110.03 1.48 0.0 9610
14070.81 112.71 1.48 0.0 9611
13964.67 105.68 1.48 0.0 9612
13837.69 101.37 1.48 0.0 9613
13823.14 100.95 1.48 0.0 9614
13964.63 98.18 1.48 0.0 9615
13972.5 96.39 1.48 0.0 9616
13984.24 110.21 1.48 0.0 9617
13919.75 104.15 1.48 0.0 9618
13821.61 96.99 1.48 0.0 9619
13839.27 88.96 1.48 0.0 9620
13747.23 101.13 1.48 0.0 9621
13625.74 106.94 1.48 0.0 9622
13606.39 110.5 1.48 0.0 9623
13510.47 111.27 1.48 0.0 9624
13301.13 107.75 1.48 0.0 9625
13296.51 110.25 1.48 0.0 9626
13205.21 100.89 1.48 0.0 9627
13155.3 91.22 1.48 0.0 9628
13244.12 91.31 1.48 0.0 9629
13063.09 88.38 1.48 0.0 9630
12962.12 90.79 1.48 0.0 9631
12910.05 97.02 1.48 0.0 9632
12895.06 84.54 1.48 0.0 9633
12903.83 83.19 1.48 0.0 9634
12820.77 82.12 1.48 0.0 9635
12946.62 90.54 1.48 0.0 9636
13030.49 85.28 1.48 0.0 9637
12792.97 80.62 1.48 0.0 9638
12722.8 78.55 1.48 0.0 9639
12817.62 82.04 1.48 0.0 9640
12820.66 87.69 1.48 0.0 9641
12834.44 89.68 1.48 0.0 9642
12743.7 89.4 1.48 0.0 9643
12534.74 88.0 1.48 0.0 9644
12483.73 76.4 1.48 0.0 9645
12548.37 81.15 1.48 0.0 9646
12651.31 85.82 1.48 0.0 9647
12668.44 89.16 1.48 0.0 9648
12809.71 88.79 1.48 0.0 9649
12857.07 91.19 1.48 0.0 9650
12688.06 82.73 1.48 0.0 9651
12638.51 75.89 1.48 0.0 9652
12878.12 68.69 1.48 0.0 9653
12819.92 72.57 1.48 0.0 9654
12820.38 76.43 1.48 0.0 9655
12672.46 69.93 1.48 0.0 9656
12726.71 65.99 1.48 0.0 9657
12720.42 70.99 1.48 0.0 9658
12843.69 72.62 1.48 0.0 9659
12892.2 70.49 1.48 0.0 9660
12817.35 69.25 1.48 0.0 9661
12938.03 79.29 1.48 0.0 9662
12912.34 65.6 1.48 0.0 9663
12770.9 76.61 1.48 0.0 9664
12660.28 73.94 1.48 0.0 9665
12738.49 69.09 1.48 0.0 9666
12586.05 75.24 1.48 0.0 9667
12512.42 76.64 1.48 0.0 9668
12533.5 81.1 1.48 0.0 9669
12428.66 80.47 1.48 0.0 9670
12470.51 85.5 1.48 0.0 9671
12287.54 83.94 1.48 0.0 9672
12312.96 89.39 1.48 0.0 9673
12194.35 86.78 1.48 0.0 9674
12105.41 97.88 1.48 0.0 9675
11965.25 98.08 1.48 0.0 9676
11711.65 89.13 1.48 0.0 9677
11657.63 94.28 1.48 0.0 9678
11554.99 90.75 1.48 0.0 9679
11547.69 79.99 1.48 0.0 9680
11398.43 75.66 1.48 0.0 9681
11457.25 71.46 1.48 0.0 9682
11277.43 73.42 1.48 0.0 9683
11264.9 71.93 1.48 0.0 9684
11295.22 75.08 1.48 0.0 9685
11264.97 64.67 1.48 0.0 9686
11301.21 63.4 1.48 0.0 9687
11228.02 59.74 1.48 0.0 9688
11217.97 57.31 1.48 0.0 9689
11299.58 57.49 1.48 0.0 9690
11388.8 60.75 1.48 0.0 9691
11420.21 58.29 1.48 0.0 9692
11419.34 64.62 1.48 0.0 9693
11568.7 69.99 1.48 0.0 9694
11531.59 71.17 1.48 0.0 9695
11563.57 68.05 1.48 0.0 9696
11540.05 74.07 1.48 0.0 9697
11600.71 64.52 1.48 0.0 9698
11679.37 68.44 1.48 0.0 9699
11688.08 77.01 1.48 0.0 9700
11704.89 70.56 1.48 0.0 9701
11729.64 73.16 1.48 0.0 9702
11760.07 71.24 1.48 0.0 9703
11789.15 71.0 1.48 0.0 9704
11827.4 69.3 1.48 0.0 9705
11810.41 68.76 1.48 0.0 9706
11815.67 78.23 1.48 0.0 9707
11831.67 78.56 1.48 0.0 9708
11828.44 74.91 1.48 0.0 9709
11861.32 78.4 1.48 0.0 9710
11982.43 85.5 1.48 0.0 9711
12073.91 80.35 1.48 0.0 9712
12157.42 78.75 1.48 0.0 9713
12056.31 79.2 1.48 0.0 9714
12013.24 84.07 1.48 0.0 9715
12028.3 83.33 1.48 0.0 9716
12078.47 73.17 1.48 0.0 9717
12162.94 80.66 1.48 0.0 9718
12114.87 78.31 1.48 0.0 9719
12128.77 84.28 1.48 0.0 9720
12182.06 85.68 1.48 0.0 9721
12269.08 89.82 1.48 0.0 9722
12158.84 86.49 1.48 0.0 9723
12077.26 88.25 1.48 0.0 9724
12053.07 77.37 1.48 0.0 9725
12003.57 71.16 1.48 0.0 9726
12016.4 65.29 1.48 0.0 9727
11971.26 62.34 1.48 0.0 9728
12056.7 68.72 1.48 0.0 9729
12147.74 79.18 1.48 0.0 9730
12110.43 80.31 1.48 0.0 9731
12004.62 75.3 1.48 0.0 9732
11994.55 78.44 1.48 0.0 9733
12144.5 75.67 1.48 0.0 9734
12127.67 80.12 1.48 0.0 9735
12174.99 78.05 1.48 0.0 9736
12259.43 78.88 1.48 0.0 9737
12428.36 90.4 1.48 0.0 9738
12450.37 84.98 1.48 0.0 9739
12443.74 83.6 1.48 0.0 9740
12418.75 73.26 1.48 0.0 9741
12361.77 79.16 1.48 0.0 9742
12385.45 79.83 1.48 0.0 9743
12411.81 72.18 1.48 0.0 9744
12349.54 61.45 1.48 0.0 9745
12523.49 71.14 1.48 0.0 9746
12589.27 70.22 1.48 0.0 9747
12522.89 78.35 1.48 0.0 9748
12499.31 81.06 1.48 0.0 9749
12524.67 78.42 1.48 0.0 9750
12556.81 94.62 1.48 0.0 9751
12508.25 88.82 1.48 0.0 9752
12429.6 90.8 1.48 0.0 9753
12447.71 81.54 1.48 0.0 9754
12582.45 86.4 1.48 0.0 9755
12505.73 96.46 1.48 0.0 9756
12520.79 92.96 1.48 0.0 9757
12568.5 83.91 1.48 0.0 9758
12569.61 75.79 1.48 0.0 9759
12499.24 77.06 1.48 0.0 9760
12430.68 74.49 1.48 0.0 9761
12446.78 76.31 1.48 0.0 9762
12504.08 80.96 1.48 0.0 9763
12426.18 85.31 1.48 0.0 9764
12367.4 85.66 1.48 0.0 9765
12344.86 83.04 1.48 0.0 9766
12282.58 90.41 1.48 0.0 9767
12304.72 98.12 1.48 0.0 9768
12296.12 90.23 1.48 0.0 9769
12253.48 92.14 1.48 0.0 9770
12340.01 93.88 1.48 0.0 9771
12430.2 86.39 1.48 0.0 9772
12361.41 90.93 1.48 0.0 9773
12444.21 82.87 1.48 0.0 9774
12447.75 79.23 1.48 0.0 9775
12580.32 76.22 1.48 0.0 9776
12695.6 79.67 1.48 0.0 9777
12584.18 66.3 1.48 0.0 9778
12610.1 69.92 1.48 0.0 9779
12667.24 72.92 1.48 0.0 9780
12559.63 72.28 1.48 0.0 9781
12535.33 68.3 1.48 0.0 9782
12579.7 69.18 1.48 0.0 9783
12551.32 79.01 1.48 0.0 9784
12562.97 83.67 1.48 0.0 9785
12544.74 89.73 1.48 0.0 9786
12495.47 94.14 1.48 0.0 9787
12434.52 98.08 1.48 0.0 9788
12378.5 106.63 1.48 0.0 9790
